Initial board:
[ 2  9  3  6  0  7  14 ]
[ 1  17 10 5  4  11 12 ]
[ 8  29 23 18 19 13 21 ]
[ 16 15 24 25 26 20 34 ]
[ 22 30 31 32 33 28 27 ]
[ 36 37 38 39 40 41 35 ]
[ 43 44 45 46 47 48 42 ]

Solution (total nodes 1972165):
Step #1:
[ 2  9  3  0  6  7  14 ]
[ 1  17 10 5  4  11 12 ]
[ 8  29 23 18 19 13 21 ]
[ 16 15 24 25 26 20 34 ]
[ 22 30 31 32 33 28 27 ]
[ 36 37 38 39 40 41 35 ]
[ 43 44 45 46 47 48 42 ]

Step #2:
[ 2  9  3  5  6  7  14 ]
[ 1  17 10 0  4  11 12 ]
[ 8  29 23 18 19 13 21 ]
[ 16 15 24 25 26 20 34 ]
[ 22 30 31 32 33 28 27 ]
[ 36 37 38 39 40 41 35 ]
[ 43 44 45 46 47 48 42 ]

Step #3:
[ 2  9  3  5  6  7  14 ]
[ 1  17 10 4  0  11 12 ]
[ 8  29 23 18 19 13 21 ]
[ 16 15 24 25 26 20 34 ]
[ 22 30 31 32 33 28 27 ]
[ 36 37 38 39 40 41 35 ]
[ 43 44 45 46 47 48 42 ]

Step #4:
[ 2  9  3  5  6  7  14 ]
[ 1  17 10 4  11 0  12 ]
[ 8  29 23 18 19 13 21 ]
[ 16 15 24 25 26 20 34 ]
[ 22 30 31 32 33 28 27 ]
[ 36 37 38 39 40 41 35 ]
[ 43 44 45 46 47 48 42 ]

Step #5:
[ 2  9  3  5  6  7  14 ]
[ 1  17 10 4  11 12 0  ]
[ 8  29 23 18 19 13 21 ]
[ 16 15 24 25 26 20 34 ]
[ 22 30 31 32 33 28 27 ]
[ 36 37 38 39 40 41 35 ]
[ 43 44 45 46 47 48 42 ]

Step #6:
[ 2  9  3  5  6  7  0  ]
[ 1  17 10 4  11 12 14 ]
[ 8  29 23 18 19 13 21 ]
[ 16 15 24 25 26 20 34 ]
[ 22 30 31 32 33 28 27 ]
[ 36 37 38 39 40 41 35 ]
[ 43 44 45 46 47 48 42 ]

Step #7:
[ 2  9  3  5  6  0  7  ]
[ 1  17 10 4  11 12 14 ]
[ 8  29 23 18 19 13 21 ]
[ 16 15 24 25 26 20 34 ]
[ 22 30 31 32 33 28 27 ]
[ 36 37 38 39 40 41 35 ]
[ 43 44 45 46 47 48 42 ]

Step #8:
[ 2  9  3  5  0  6  7  ]
[ 1  17 10 4  11 12 14 ]
[ 8  29 23 18 19 13 21 ]
[ 16 15 24 25 26 20 34 ]
[ 22 30 31 32 33 28 27 ]
[ 36 37 38 39 40 41 35 ]
[ 43 44 45 46 47 48 42 ]

Step #9:
[ 2  9  3  0  5  6  7  ]
[ 1  17 10 4  11 12 14 ]
[ 8  29 23 18 19 13 21 ]
[ 16 15 24 25 26 20 34 ]
[ 22 30 31 32 33 28 27 ]
[ 36 37 38 39 40 41 35 ]
[ 43 44 45 46 47 48 42 ]

Step #10:
[ 2  9  3  4  5  6  7  ]
[ 1  17 10 0  11 12 14 ]
[ 8  29 23 18 19 13 21 ]
[ 16 15 24 25 26 20 34 ]
[ 22 30 31 32 33 28 27 ]
[ 36 37 38 39 40 41 35 ]
[ 43 44 45 46 47 48 42 ]

Step #11:
[ 2  9  3  4  5  6  7  ]
[ 1  17 10 11 0  12 14 ]
[ 8  29 23 18 19 13 21 ]
[ 16 15 24 25 26 20 34 ]
[ 22 30 31 32 33 28 27 ]
[ 36 37 38 39 40 41 35 ]
[ 43 44 45 46 47 48 42 ]

Step #12:
[ 2  9  3  4  5  6  7  ]
[ 1  17 10 11 12 0  14 ]
[ 8  29 23 18 19 13 21 ]
[ 16 15 24 25 26 20 34 ]
[ 22 30 31 32 33 28 27 ]
[ 36 37 38 39 40 41 35 ]
[ 43 44 45 46 47 48 42 ]

Step #13:
[ 2  9  3  4  5  6  7  ]
[ 1  17 10 11 12 13 14 ]
[ 8  29 23 18 19 0  21 ]
[ 16 15 24 25 26 20 34 ]
[ 22 30 31 32 33 28 27 ]
[ 36 37 38 39 40 41 35 ]
[ 43 44 45 46 47 48 42 ]

Step #14:
[ 2  9  3  4  5  6  7  ]
[ 1  17 10 11 12 13 14 ]
[ 8  29 23 18 19 20 21 ]
[ 16 15 24 25 26 0  34 ]
[ 22 30 31 32 33 28 27 ]
[ 36 37 38 39 40 41 35 ]
[ 43 44 45 46 47 48 42 ]

Step #15:
[ 2  9  3  4  5  6  7  ]
[ 1  17 10 11 12 13 14 ]
[ 8  29 23 18 19 20 21 ]
[ 16 15 24 25 26 34 0  ]
[ 22 30 31 32 33 28 27 ]
[ 36 37 38 39 40 41 35 ]
[ 43 44 45 46 47 48 42 ]

Step #16:
[ 2  9  3  4  5  6  7  ]
[ 1  17 10 11 12 13 14 ]
[ 8  29 23 18 19 20 21 ]
[ 16 15 24 25 26 34 27 ]
[ 22 30 31 32 33 28 0  ]
[ 36 37 38 39 40 41 35 ]
[ 43 44 45 46 47 48 42 ]

Step #17:
[ 2  9  3  4  5  6  7  ]
[ 1  17 10 11 12 13 14 ]
[ 8  29 23 18 19 20 21 ]
[ 16 15 24 25 26 34 27 ]
[ 22 30 31 32 33 0  28 ]
[ 36 37 38 39 40 41 35 ]
[ 43 44 45 46 47 48 42 ]

Step #18:
[ 2  9  3  4  5  6  7  ]
[ 1  17 10 11 12 13 14 ]
[ 8  29 23 18 19 20 21 ]
[ 16 15 24 25 26 0  27 ]
[ 22 30 31 32 33 34 28 ]
[ 36 37 38 39 40 41 35 ]
[ 43 44 45 46 47 48 42 ]

Step #19:
[ 2  9  3  4  5  6  7  ]
[ 1  17 10 11 12 13 14 ]
[ 8  29 23 18 19 20 21 ]
[ 16 15 24 25 26 27 0  ]
[ 22 30 31 32 33 34 28 ]
[ 36 37 38 39 40 41 35 ]
[ 43 44 45 46 47 48 42 ]

Step #20:
[ 2  9  3  4  5  6  7  ]
[ 1  17 10 11 12 13 14 ]
[ 8  29 23 18 19 20 21 ]
[ 16 15 24 25 26 27 28 ]
[ 22 30 31 32 33 34 0  ]
[ 36 37 38 39 40 41 35 ]
[ 43 44 45 46 47 48 42 ]

Step #21:
[ 2  9  3  4  5  6  7  ]
[ 1  17 10 11 12 13 14 ]
[ 8  29 23 18 19 20 21 ]
[ 16 15 24 25 26 27 28 ]
[ 22 30 31 32 33 34 35 ]
[ 36 37 38 39 40 41 0  ]
[ 43 44 45 46 47 48 42 ]

Step #22:
[ 2  9  3  4  5  6  7  ]
[ 1  17 10 11 12 13 14 ]
[ 8  29 23 18 19 20 21 ]
[ 16 15 24 25 26 27 28 ]
[ 22 30 31 32 33 34 35 ]
[ 36 37 38 39 40 41 42 ]
[ 43 44 45 46 47 48 0  ]

Step #23:
[ 2  9  3  4  5  6  7  ]
[ 1  17 10 11 12 13 14 ]
[ 8  29 23 18 19 20 21 ]
[ 16 15 24 25 26 27 28 ]
[ 22 30 31 32 33 34 35 ]
[ 36 37 38 39 40 41 42 ]
[ 43 44 45 46 47 0  48 ]

Step #24:
[ 2  9  3  4  5  6  7  ]
[ 1  17 10 11 12 13 14 ]
[ 8  29 23 18 19 20 21 ]
[ 16 15 24 25 26 27 28 ]
[ 22 30 31 32 33 34 35 ]
[ 36 37 38 39 40 0  42 ]
[ 43 44 45 46 47 41 48 ]

Step #25:
[ 2  9  3  4  5  6  7  ]
[ 1  17 10 11 12 13 14 ]
[ 8  29 23 18 19 20 21 ]
[ 16 15 24 25 26 27 28 ]
[ 22 30 31 32 33 34 35 ]
[ 36 37 38 39 0  40 42 ]
[ 43 44 45 46 47 41 48 ]

Step #26:
[ 2  9  3  4  5  6  7  ]
[ 1  17 10 11 12 13 14 ]
[ 8  29 23 18 19 20 21 ]
[ 16 15 24 25 26 27 28 ]
[ 22 30 31 32 33 34 35 ]
[ 36 37 38 0  39 40 42 ]
[ 43 44 45 46 47 41 48 ]

Step #27:
[ 2  9  3  4  5  6  7  ]
[ 1  17 10 11 12 13 14 ]
[ 8  29 23 18 19 20 21 ]
[ 16 15 24 25 26 27 28 ]
[ 22 30 31 0  33 34 35 ]
[ 36 37 38 32 39 40 42 ]
[ 43 44 45 46 47 41 48 ]

Step #28:
[ 2  9  3  4  5  6  7  ]
[ 1  17 10 11 12 13 14 ]
[ 8  29 23 18 19 20 21 ]
[ 16 15 24 25 26 27 28 ]
[ 22 30 0  31 33 34 35 ]
[ 36 37 38 32 39 40 42 ]
[ 43 44 45 46 47 41 48 ]

Step #29:
[ 2  9  3  4  5  6  7  ]
[ 1  17 10 11 12 13 14 ]
[ 8  29 23 18 19 20 21 ]
[ 16 15 0  25 26 27 28 ]
[ 22 30 24 31 33 34 35 ]
[ 36 37 38 32 39 40 42 ]
[ 43 44 45 46 47 41 48 ]

Step #30:
[ 2  9  3  4  5  6  7  ]
[ 1  17 10 11 12 13 14 ]
[ 8  29 0  18 19 20 21 ]
[ 16 15 23 25 26 27 28 ]
[ 22 30 24 31 33 34 35 ]
[ 36 37 38 32 39 40 42 ]
[ 43 44 45 46 47 41 48 ]

Step #31:
[ 2  9  3  4  5  6  7  ]
[ 1  17 10 11 12 13 14 ]
[ 8  0  29 18 19 20 21 ]
[ 16 15 23 25 26 27 28 ]
[ 22 30 24 31 33 34 35 ]
[ 36 37 38 32 39 40 42 ]
[ 43 44 45 46 47 41 48 ]

Step #32:
[ 2  9  3  4  5  6  7  ]
[ 1  17 10 11 12 13 14 ]
[ 8  15 29 18 19 20 21 ]
[ 16 0  23 25 26 27 28 ]
[ 22 30 24 31 33 34 35 ]
[ 36 37 38 32 39 40 42 ]
[ 43 44 45 46 47 41 48 ]

Step #33:
[ 2  9  3  4  5  6  7  ]
[ 1  17 10 11 12 13 14 ]
[ 8  15 29 18 19 20 21 ]
[ 16 23 0  25 26 27 28 ]
[ 22 30 24 31 33 34 35 ]
[ 36 37 38 32 39 40 42 ]
[ 43 44 45 46 47 41 48 ]

Step #34:
[ 2  9  3  4  5  6  7  ]
[ 1  17 10 11 12 13 14 ]
[ 8  15 29 18 19 20 21 ]
[ 16 23 24 25 26 27 28 ]
[ 22 30 0  31 33 34 35 ]
[ 36 37 38 32 39 40 42 ]
[ 43 44 45 46 47 41 48 ]

Step #35:
[ 2  9  3  4  5  6  7  ]
[ 1  17 10 11 12 13 14 ]
[ 8  15 29 18 19 20 21 ]
[ 16 23 24 25 26 27 28 ]
[ 22 30 31 0  33 34 35 ]
[ 36 37 38 32 39 40 42 ]
[ 43 44 45 46 47 41 48 ]

Step #36:
[ 2  9  3  4  5  6  7  ]
[ 1  17 10 11 12 13 14 ]
[ 8  15 29 18 19 20 21 ]
[ 16 23 24 25 26 27 28 ]
[ 22 30 31 32 33 34 35 ]
[ 36 37 38 0  39 40 42 ]
[ 43 44 45 46 47 41 48 ]

Step #37:
[ 2  9  3  4  5  6  7  ]
[ 1  17 10 11 12 13 14 ]
[ 8  15 29 18 19 20 21 ]
[ 16 23 24 25 26 27 28 ]
[ 22 30 31 32 33 34 35 ]
[ 36 37 38 39 0  40 42 ]
[ 43 44 45 46 47 41 48 ]

Step #38:
[ 2  9  3  4  5  6  7  ]
[ 1  17 10 11 12 13 14 ]
[ 8  15 29 18 19 20 21 ]
[ 16 23 24 25 26 27 28 ]
[ 22 30 31 32 33 34 35 ]
[ 36 37 38 39 40 0  42 ]
[ 43 44 45 46 47 41 48 ]

Step #39:
[ 2  9  3  4  5  6  7  ]
[ 1  17 10 11 12 13 14 ]
[ 8  15 29 18 19 20 21 ]
[ 16 23 24 25 26 27 28 ]
[ 22 30 31 32 33 34 35 ]
[ 36 37 38 39 40 41 42 ]
[ 43 44 45 46 47 0  48 ]

Step #40:
[ 2  9  3  4  5  6  7  ]
[ 1  17 10 11 12 13 14 ]
[ 8  15 29 18 19 20 21 ]
[ 16 23 24 25 26 27 28 ]
[ 22 30 31 32 33 34 35 ]
[ 36 37 38 39 40 41 42 ]
[ 43 44 45 46 47 48 0  ]

Step #41:
[ 2  9  3  4  5  6  7  ]
[ 1  17 10 11 12 13 14 ]
[ 8  15 29 18 19 20 21 ]
[ 16 23 24 25 26 27 28 ]
[ 22 30 31 32 33 34 35 ]
[ 36 37 38 39 40 41 0  ]
[ 43 44 45 46 47 48 42 ]

Step #42:
[ 2  9  3  4  5  6  7  ]
[ 1  17 10 11 12 13 14 ]
[ 8  15 29 18 19 20 21 ]
[ 16 23 24 25 26 27 28 ]
[ 22 30 31 32 33 34 0  ]
[ 36 37 38 39 40 41 35 ]
[ 43 44 45 46 47 48 42 ]

Step #43:
[ 2  9  3  4  5  6  7  ]
[ 1  17 10 11 12 13 14 ]
[ 8  15 29 18 19 20 21 ]
[ 16 23 24 25 26 27 28 ]
[ 22 30 31 32 33 0  34 ]
[ 36 37 38 39 40 41 35 ]
[ 43 44 45 46 47 48 42 ]

Step #44:
[ 2  9  3  4  5  6  7  ]
[ 1  17 10 11 12 13 14 ]
[ 8  15 29 18 19 20 21 ]
[ 16 23 24 25 26 27 28 ]
[ 22 30 31 32 0  33 34 ]
[ 36 37 38 39 40 41 35 ]
[ 43 44 45 46 47 48 42 ]

Step #45:
[ 2  9  3  4  5  6  7  ]
[ 1  17 10 11 12 13 14 ]
[ 8  15 29 18 19 20 21 ]
[ 16 23 24 25 26 27 28 ]
[ 22 30 31 0  32 33 34 ]
[ 36 37 38 39 40 41 35 ]
[ 43 44 45 46 47 48 42 ]

Step #46:
[ 2  9  3  4  5  6  7  ]
[ 1  17 10 11 12 13 14 ]
[ 8  15 29 18 19 20 21 ]
[ 16 23 24 25 26 27 28 ]
[ 22 30 0  31 32 33 34 ]
[ 36 37 38 39 40 41 35 ]
[ 43 44 45 46 47 48 42 ]

Step #47:
[ 2  9  3  4  5  6  7  ]
[ 1  17 10 11 12 13 14 ]
[ 8  15 29 18 19 20 21 ]
[ 16 23 0  25 26 27 28 ]
[ 22 30 24 31 32 33 34 ]
[ 36 37 38 39 40 41 35 ]
[ 43 44 45 46 47 48 42 ]

Step #48:
[ 2  9  3  4  5  6  7  ]
[ 1  17 10 11 12 13 14 ]
[ 8  15 0  18 19 20 21 ]
[ 16 23 29 25 26 27 28 ]
[ 22 30 24 31 32 33 34 ]
[ 36 37 38 39 40 41 35 ]
[ 43 44 45 46 47 48 42 ]

Step #49:
[ 2  9  3  4  5  6  7  ]
[ 1  17 10 11 12 13 14 ]
[ 8  0  15 18 19 20 21 ]
[ 16 23 29 25 26 27 28 ]
[ 22 30 24 31 32 33 34 ]
[ 36 37 38 39 40 41 35 ]
[ 43 44 45 46 47 48 42 ]

Step #50:
[ 2  9  3  4  5  6  7  ]
[ 1  0  10 11 12 13 14 ]
[ 8  17 15 18 19 20 21 ]
[ 16 23 29 25 26 27 28 ]
[ 22 30 24 31 32 33 34 ]
[ 36 37 38 39 40 41 35 ]
[ 43 44 45 46 47 48 42 ]

Step #51:
[ 2  0  3  4  5  6  7  ]
[ 1  9  10 11 12 13 14 ]
[ 8  17 15 18 19 20 21 ]
[ 16 23 29 25 26 27 28 ]
[ 22 30 24 31 32 33 34 ]
[ 36 37 38 39 40 41 35 ]
[ 43 44 45 46 47 48 42 ]

Step #52:
[ 0  2  3  4  5  6  7  ]
[ 1  9  10 11 12 13 14 ]
[ 8  17 15 18 19 20 21 ]
[ 16 23 29 25 26 27 28 ]
[ 22 30 24 31 32 33 34 ]
[ 36 37 38 39 40 41 35 ]
[ 43 44 45 46 47 48 42 ]

Step #53:
[ 1  2  3  4  5  6  7  ]
[ 0  9  10 11 12 13 14 ]
[ 8  17 15 18 19 20 21 ]
[ 16 23 29 25 26 27 28 ]
[ 22 30 24 31 32 33 34 ]
[ 36 37 38 39 40 41 35 ]
[ 43 44 45 46 47 48 42 ]

Step #54:
[ 1  2  3  4  5  6  7  ]
[ 8  9  10 11 12 13 14 ]
[ 0  17 15 18 19 20 21 ]
[ 16 23 29 25 26 27 28 ]
[ 22 30 24 31 32 33 34 ]
[ 36 37 38 39 40 41 35 ]
[ 43 44 45 46 47 48 42 ]

Step #55:
[ 1  2  3  4  5  6  7  ]
[ 8  9  10 11 12 13 14 ]
[ 16 17 15 18 19 20 21 ]
[ 0  23 29 25 26 27 28 ]
[ 22 30 24 31 32 33 34 ]
[ 36 37 38 39 40 41 35 ]
[ 43 44 45 46 47 48 42 ]

Step #56:
[ 1  2  3  4  5  6  7  ]
[ 8  9  10 11 12 13 14 ]
[ 16 17 15 18 19 20 21 ]
[ 22 23 29 25 26 27 28 ]
[ 0  30 24 31 32 33 34 ]
[ 36 37 38 39 40 41 35 ]
[ 43 44 45 46 47 48 42 ]

Step #57:
[ 1  2  3  4  5  6  7  ]
[ 8  9  10 11 12 13 14 ]
[ 16 17 15 18 19 20 21 ]
[ 22 23 29 25 26 27 28 ]
[ 30 0  24 31 32 33 34 ]
[ 36 37 38 39 40 41 35 ]
[ 43 44 45 46 47 48 42 ]

Step #58:
[ 1  2  3  4  5  6  7  ]
[ 8  9  10 11 12 13 14 ]
[ 16 17 15 18 19 20 21 ]
[ 22 0  29 25 26 27 28 ]
[ 30 23 24 31 32 33 34 ]
[ 36 37 38 39 40 41 35 ]
[ 43 44 45 46 47 48 42 ]

Step #59:
[ 1  2  3  4  5  6  7  ]
[ 8  9  10 11 12 13 14 ]
[ 16 17 15 18 19 20 21 ]
[ 22 29 0  25 26 27 28 ]
[ 30 23 24 31 32 33 34 ]
[ 36 37 38 39 40 41 35 ]
[ 43 44 45 46 47 48 42 ]

Step #60:
[ 1  2  3  4  5  6  7  ]
[ 8  9  10 11 12 13 14 ]
[ 16 17 15 18 19 20 21 ]
[ 22 29 24 25 26 27 28 ]
[ 30 23 0  31 32 33 34 ]
[ 36 37 38 39 40 41 35 ]
[ 43 44 45 46 47 48 42 ]

Step #61:
[ 1  2  3  4  5  6  7  ]
[ 8  9  10 11 12 13 14 ]
[ 16 17 15 18 19 20 21 ]
[ 22 29 24 25 26 27 28 ]
[ 30 23 31 0  32 33 34 ]
[ 36 37 38 39 40 41 35 ]
[ 43 44 45 46 47 48 42 ]

Step #62:
[ 1  2  3  4  5  6  7  ]
[ 8  9  10 11 12 13 14 ]
[ 16 17 15 18 19 20 21 ]
[ 22 29 24 25 26 27 28 ]
[ 30 23 31 32 0  33 34 ]
[ 36 37 38 39 40 41 35 ]
[ 43 44 45 46 47 48 42 ]

Step #63:
[ 1  2  3  4  5  6  7  ]
[ 8  9  10 11 12 13 14 ]
[ 16 17 15 18 19 20 21 ]
[ 22 29 24 25 26 27 28 ]
[ 30 23 31 32 33 0  34 ]
[ 36 37 38 39 40 41 35 ]
[ 43 44 45 46 47 48 42 ]

Step #64:
[ 1  2  3  4  5  6  7  ]
[ 8  9  10 11 12 13 14 ]
[ 16 17 15 18 19 20 21 ]
[ 22 29 24 25 26 27 28 ]
[ 30 23 31 32 33 34 0  ]
[ 36 37 38 39 40 41 35 ]
[ 43 44 45 46 47 48 42 ]

Step #65:
[ 1  2  3  4  5  6  7  ]
[ 8  9  10 11 12 13 14 ]
[ 16 17 15 18 19 20 21 ]
[ 22 29 24 25 26 27 28 ]
[ 30 23 31 32 33 34 35 ]
[ 36 37 38 39 40 41 0  ]
[ 43 44 45 46 47 48 42 ]

Step #66:
[ 1  2  3  4  5  6  7  ]
[ 8  9  10 11 12 13 14 ]
[ 16 17 15 18 19 20 21 ]
[ 22 29 24 25 26 27 28 ]
[ 30 23 31 32 33 34 35 ]
[ 36 37 38 39 40 41 42 ]
[ 43 44 45 46 47 48 0  ]

Step #67:
[ 1  2  3  4  5  6  7  ]
[ 8  9  10 11 12 13 14 ]
[ 16 17 15 18 19 20 21 ]
[ 22 29 24 25 26 27 28 ]
[ 30 23 31 32 33 34 35 ]
[ 36 37 38 39 40 41 42 ]
[ 43 44 45 46 47 0  48 ]

Step #68:
[ 1  2  3  4  5  6  7  ]
[ 8  9  10 11 12 13 14 ]
[ 16 17 15 18 19 20 21 ]
[ 22 29 24 25 26 27 28 ]
[ 30 23 31 32 33 34 35 ]
[ 36 37 38 39 40 0  42 ]
[ 43 44 45 46 47 41 48 ]

Step #69:
[ 1  2  3  4  5  6  7  ]
[ 8  9  10 11 12 13 14 ]
[ 16 17 15 18 19 20 21 ]
[ 22 29 24 25 26 27 28 ]
[ 30 23 31 32 33 34 35 ]
[ 36 37 38 39 0  40 42 ]
[ 43 44 45 46 47 41 48 ]

Step #70:
[ 1  2  3  4  5  6  7  ]
[ 8  9  10 11 12 13 14 ]
[ 16 17 15 18 19 20 21 ]
[ 22 29 24 25 26 27 28 ]
[ 30 23 31 32 33 34 35 ]
[ 36 37 38 0  39 40 42 ]
[ 43 44 45 46 47 41 48 ]

Step #71:
[ 1  2  3  4  5  6  7  ]
[ 8  9  10 11 12 13 14 ]
[ 16 17 15 18 19 20 21 ]
[ 22 29 24 25 26 27 28 ]
[ 30 23 31 32 33 34 35 ]
[ 36 37 0  38 39 40 42 ]
[ 43 44 45 46 47 41 48 ]

Step #72:
[ 1  2  3  4  5  6  7  ]
[ 8  9  10 11 12 13 14 ]
[ 16 17 15 18 19 20 21 ]
[ 22 29 24 25 26 27 28 ]
[ 30 23 0  32 33 34 35 ]
[ 36 37 31 38 39 40 42 ]
[ 43 44 45 46 47 41 48 ]

Step #73:
[ 1  2  3  4  5  6  7  ]
[ 8  9  10 11 12 13 14 ]
[ 16 17 15 18 19 20 21 ]
[ 22 29 24 25 26 27 28 ]
[ 30 0  23 32 33 34 35 ]
[ 36 37 31 38 39 40 42 ]
[ 43 44 45 46 47 41 48 ]

Step #74:
[ 1  2  3  4  5  6  7  ]
[ 8  9  10 11 12 13 14 ]
[ 16 17 15 18 19 20 21 ]
[ 22 0  24 25 26 27 28 ]
[ 30 29 23 32 33 34 35 ]
[ 36 37 31 38 39 40 42 ]
[ 43 44 45 46 47 41 48 ]

Step #75:
[ 1  2  3  4  5  6  7  ]
[ 8  9  10 11 12 13 14 ]
[ 16 17 15 18 19 20 21 ]
[ 22 24 0  25 26 27 28 ]
[ 30 29 23 32 33 34 35 ]
[ 36 37 31 38 39 40 42 ]
[ 43 44 45 46 47 41 48 ]

Step #76:
[ 1  2  3  4  5  6  7  ]
[ 8  9  10 11 12 13 14 ]
[ 16 17 15 18 19 20 21 ]
[ 22 24 23 25 26 27 28 ]
[ 30 29 0  32 33 34 35 ]
[ 36 37 31 38 39 40 42 ]
[ 43 44 45 46 47 41 48 ]

Step #77:
[ 1  2  3  4  5  6  7  ]
[ 8  9  10 11 12 13 14 ]
[ 16 17 15 18 19 20 21 ]
[ 22 24 23 25 26 27 28 ]
[ 30 29 31 32 33 34 35 ]
[ 36 37 0  38 39 40 42 ]
[ 43 44 45 46 47 41 48 ]

Step #78:
[ 1  2  3  4  5  6  7  ]
[ 8  9  10 11 12 13 14 ]
[ 16 17 15 18 19 20 21 ]
[ 22 24 23 25 26 27 28 ]
[ 30 29 31 32 33 34 35 ]
[ 36 37 38 0  39 40 42 ]
[ 43 44 45 46 47 41 48 ]

Step #79:
[ 1  2  3  4  5  6  7  ]
[ 8  9  10 11 12 13 14 ]
[ 16 17 15 18 19 20 21 ]
[ 22 24 23 25 26 27 28 ]
[ 30 29 31 32 33 34 35 ]
[ 36 37 38 39 0  40 42 ]
[ 43 44 45 46 47 41 48 ]

Step #80:
[ 1  2  3  4  5  6  7  ]
[ 8  9  10 11 12 13 14 ]
[ 16 17 15 18 19 20 21 ]
[ 22 24 23 25 26 27 28 ]
[ 30 29 31 32 33 34 35 ]
[ 36 37 38 39 40 0  42 ]
[ 43 44 45 46 47 41 48 ]

Step #81:
[ 1  2  3  4  5  6  7  ]
[ 8  9  10 11 12 13 14 ]
[ 16 17 15 18 19 20 21 ]
[ 22 24 23 25 26 27 28 ]
[ 30 29 31 32 33 34 35 ]
[ 36 37 38 39 40 41 42 ]
[ 43 44 45 46 47 0  48 ]

Step #82:
[ 1  2  3  4  5  6  7  ]
[ 8  9  10 11 12 13 14 ]
[ 16 17 15 18 19 20 21 ]
[ 22 24 23 25 26 27 28 ]
[ 30 29 31 32 33 34 35 ]
[ 36 37 38 39 40 41 42 ]
[ 43 44 45 46 47 48 0  ]

Step #83:
[ 1  2  3  4  5  6  7  ]
[ 8  9  10 11 12 13 14 ]
[ 16 17 15 18 19 20 21 ]
[ 22 24 23 25 26 27 28 ]
[ 30 29 31 32 33 34 35 ]
[ 36 37 38 39 40 41 0  ]
[ 43 44 45 46 47 48 42 ]

Step #84:
[ 1  2  3  4  5  6  7  ]
[ 8  9  10 11 12 13 14 ]
[ 16 17 15 18 19 20 21 ]
[ 22 24 23 25 26 27 28 ]
[ 30 29 31 32 33 34 35 ]
[ 36 37 38 39 40 0  41 ]
[ 43 44 45 46 47 48 42 ]

Step #85:
[ 1  2  3  4  5  6  7  ]
[ 8  9  10 11 12 13 14 ]
[ 16 17 15 18 19 20 21 ]
[ 22 24 23 25 26 27 28 ]
[ 30 29 31 32 33 34 35 ]
[ 36 37 38 39 40 48 41 ]
[ 43 44 45 46 47 0  42 ]

Step #86:
[ 1  2  3  4  5  6  7  ]
[ 8  9  10 11 12 13 14 ]
[ 16 17 15 18 19 20 21 ]
[ 22 24 23 25 26 27 28 ]
[ 30 29 31 32 33 34 35 ]
[ 36 37 38 39 40 48 41 ]
[ 43 44 45 46 0  47 42 ]

Step #87:
[ 1  2  3  4  5  6  7  ]
[ 8  9  10 11 12 13 14 ]
[ 16 17 15 18 19 20 21 ]
[ 22 24 23 25 26 27 28 ]
[ 30 29 31 32 33 34 35 ]
[ 36 37 38 39 0  48 41 ]
[ 43 44 45 46 40 47 42 ]

Step #88:
[ 1  2  3  4  5  6  7  ]
[ 8  9  10 11 12 13 14 ]
[ 16 17 15 18 19 20 21 ]
[ 22 24 23 25 26 27 28 ]
[ 30 29 31 32 33 34 35 ]
[ 36 37 38 39 48 0  41 ]
[ 43 44 45 46 40 47 42 ]

Step #89:
[ 1  2  3  4  5  6  7  ]
[ 8  9  10 11 12 13 14 ]
[ 16 17 15 18 19 20 21 ]
[ 22 24 23 25 26 27 28 ]
[ 30 29 31 32 33 34 35 ]
[ 36 37 38 39 48 41 0  ]
[ 43 44 45 46 40 47 42 ]

Step #90:
[ 1  2  3  4  5  6  7  ]
[ 8  9  10 11 12 13 14 ]
[ 16 17 15 18 19 20 21 ]
[ 22 24 23 25 26 27 28 ]
[ 30 29 31 32 33 34 35 ]
[ 36 37 38 39 48 41 42 ]
[ 43 44 45 46 40 47 0  ]

Step #91:
[ 1  2  3  4  5  6  7  ]
[ 8  9  10 11 12 13 14 ]
[ 16 17 15 18 19 20 21 ]
[ 22 24 23 25 26 27 28 ]
[ 30 29 31 32 33 34 35 ]
[ 36 37 38 39 48 41 42 ]
[ 43 44 45 46 40 0  47 ]

Step #92:
[ 1  2  3  4  5  6  7  ]
[ 8  9  10 11 12 13 14 ]
[ 16 17 15 18 19 20 21 ]
[ 22 24 23 25 26 27 28 ]
[ 30 29 31 32 33 34 35 ]
[ 36 37 38 39 48 41 42 ]
[ 43 44 45 46 0  40 47 ]

Step #93:
[ 1  2  3  4  5  6  7  ]
[ 8  9  10 11 12 13 14 ]
[ 16 17 15 18 19 20 21 ]
[ 22 24 23 25 26 27 28 ]
[ 30 29 31 32 33 34 35 ]
[ 36 37 38 39 0  41 42 ]
[ 43 44 45 46 48 40 47 ]

Step #94:
[ 1  2  3  4  5  6  7  ]
[ 8  9  10 11 12 13 14 ]
[ 16 17 15 18 19 20 21 ]
[ 22 24 23 25 26 27 28 ]
[ 30 29 31 32 33 34 35 ]
[ 36 37 38 39 41 0  42 ]
[ 43 44 45 46 48 40 47 ]

Step #95:
[ 1  2  3  4  5  6  7  ]
[ 8  9  10 11 12 13 14 ]
[ 16 17 15 18 19 20 21 ]
[ 22 24 23 25 26 27 28 ]
[ 30 29 31 32 33 34 35 ]
[ 36 37 38 39 41 40 42 ]
[ 43 44 45 46 48 0  47 ]

Step #96:
[ 1  2  3  4  5  6  7  ]
[ 8  9  10 11 12 13 14 ]
[ 16 17 15 18 19 20 21 ]
[ 22 24 23 25 26 27 28 ]
[ 30 29 31 32 33 34 35 ]
[ 36 37 38 39 41 40 42 ]
[ 43 44 45 46 48 47 0  ]

Step #97:
[ 1  2  3  4  5  6  7  ]
[ 8  9  10 11 12 13 14 ]
[ 16 17 15 18 19 20 21 ]
[ 22 24 23 25 26 27 28 ]
[ 30 29 31 32 33 34 35 ]
[ 36 37 38 39 41 40 0  ]
[ 43 44 45 46 48 47 42 ]

Step #98:
[ 1  2  3  4  5  6  7  ]
[ 8  9  10 11 12 13 14 ]
[ 16 17 15 18 19 20 21 ]
[ 22 24 23 25 26 27 28 ]
[ 30 29 31 32 33 34 35 ]
[ 36 37 38 39 41 0  40 ]
[ 43 44 45 46 48 47 42 ]

Step #99:
[ 1  2  3  4  5  6  7  ]
[ 8  9  10 11 12 13 14 ]
[ 16 17 15 18 19 20 21 ]
[ 22 24 23 25 26 27 28 ]
[ 30 29 31 32 33 34 35 ]
[ 36 37 38 39 0  41 40 ]
[ 43 44 45 46 48 47 42 ]

Step #100:
[ 1  2  3  4  5  6  7  ]
[ 8  9  10 11 12 13 14 ]
[ 16 17 15 18 19 20 21 ]
[ 22 24 23 25 26 27 28 ]
[ 30 29 31 32 33 34 35 ]
[ 36 37 38 39 48 41 40 ]
[ 43 44 45 46 0  47 42 ]

Step #101:
[ 1  2  3  4  5  6  7  ]
[ 8  9  10 11 12 13 14 ]
[ 16 17 15 18 19 20 21 ]
[ 22 24 23 25 26 27 28 ]
[ 30 29 31 32 33 34 35 ]
[ 36 37 38 39 48 41 40 ]
[ 43 44 45 46 47 0  42 ]

Step #102:
[ 1  2  3  4  5  6  7  ]
[ 8  9  10 11 12 13 14 ]
[ 16 17 15 18 19 20 21 ]
[ 22 24 23 25 26 27 28 ]
[ 30 29 31 32 33 34 35 ]
[ 36 37 38 39 48 0  40 ]
[ 43 44 45 46 47 41 42 ]

Step #103:
[ 1  2  3  4  5  6  7  ]
[ 8  9  10 11 12 13 14 ]
[ 16 17 15 18 19 20 21 ]
[ 22 24 23 25 26 27 28 ]
[ 30 29 31 32 33 34 35 ]
[ 36 37 38 39 48 40 0  ]
[ 43 44 45 46 47 41 42 ]

Step #104:
[ 1  2  3  4  5  6  7  ]
[ 8  9  10 11 12 13 14 ]
[ 16 17 15 18 19 20 21 ]
[ 22 24 23 25 26 27 28 ]
[ 30 29 31 32 33 34 35 ]
[ 36 37 38 39 48 40 42 ]
[ 43 44 45 46 47 41 0  ]

Step #105:
[ 1  2  3  4  5  6  7  ]
[ 8  9  10 11 12 13 14 ]
[ 16 17 15 18 19 20 21 ]
[ 22 24 23 25 26 27 28 ]
[ 30 29 31 32 33 34 35 ]
[ 36 37 38 39 48 40 42 ]
[ 43 44 45 46 47 0  41 ]

Step #106:
[ 1  2  3  4  5  6  7  ]
[ 8  9  10 11 12 13 14 ]
[ 16 17 15 18 19 20 21 ]
[ 22 24 23 25 26 27 28 ]
[ 30 29 31 32 33 34 35 ]
[ 36 37 38 39 48 40 42 ]
[ 43 44 45 46 0  47 41 ]

Step #107:
[ 1  2  3  4  5  6  7  ]
[ 8  9  10 11 12 13 14 ]
[ 16 17 15 18 19 20 21 ]
[ 22 24 23 25 26 27 28 ]
[ 30 29 31 32 33 34 35 ]
[ 36 37 38 39 0  40 42 ]
[ 43 44 45 46 48 47 41 ]

Step #108:
[ 1  2  3  4  5  6  7  ]
[ 8  9  10 11 12 13 14 ]
[ 16 17 15 18 19 20 21 ]
[ 22 24 23 25 26 27 28 ]
[ 30 29 31 32 33 34 35 ]
[ 36 37 38 39 40 0  42 ]
[ 43 44 45 46 48 47 41 ]

Step #109:
[ 1  2  3  4  5  6  7  ]
[ 8  9  10 11 12 13 14 ]
[ 16 17 15 18 19 20 21 ]
[ 22 24 23 25 26 27 28 ]
[ 30 29 31 32 33 34 35 ]
[ 36 37 38 39 40 47 42 ]
[ 43 44 45 46 48 0  41 ]

Step #110:
[ 1  2  3  4  5  6  7  ]
[ 8  9  10 11 12 13 14 ]
[ 16 17 15 18 19 20 21 ]
[ 22 24 23 25 26 27 28 ]
[ 30 29 31 32 33 34 35 ]
[ 36 37 38 39 40 47 42 ]
[ 43 44 45 46 0  48 41 ]

Step #111:
[ 1  2  3  4  5  6  7  ]
[ 8  9  10 11 12 13 14 ]
[ 16 17 15 18 19 20 21 ]
[ 22 24 23 25 26 27 28 ]
[ 30 29 31 32 33 34 35 ]
[ 36 37 38 39 0  47 42 ]
[ 43 44 45 46 40 48 41 ]

Step #112:
[ 1  2  3  4  5  6  7  ]
[ 8  9  10 11 12 13 14 ]
[ 16 17 15 18 19 20 21 ]
[ 22 24 23 25 26 27 28 ]
[ 30 29 31 32 33 34 35 ]
[ 36 37 38 39 47 0  42 ]
[ 43 44 45 46 40 48 41 ]

Step #113:
[ 1  2  3  4  5  6  7  ]
[ 8  9  10 11 12 13 14 ]
[ 16 17 15 18 19 20 21 ]
[ 22 24 23 25 26 27 28 ]
[ 30 29 31 32 33 34 35 ]
[ 36 37 38 39 47 42 0  ]
[ 43 44 45 46 40 48 41 ]

Step #114:
[ 1  2  3  4  5  6  7  ]
[ 8  9  10 11 12 13 14 ]
[ 16 17 15 18 19 20 21 ]
[ 22 24 23 25 26 27 28 ]
[ 30 29 31 32 33 34 35 ]
[ 36 37 38 39 47 42 41 ]
[ 43 44 45 46 40 48 0  ]

Step #115:
[ 1  2  3  4  5  6  7  ]
[ 8  9  10 11 12 13 14 ]
[ 16 17 15 18 19 20 21 ]
[ 22 24 23 25 26 27 28 ]
[ 30 29 31 32 33 34 35 ]
[ 36 37 38 39 47 42 41 ]
[ 43 44 45 46 40 0  48 ]

Step #116:
[ 1  2  3  4  5  6  7  ]
[ 8  9  10 11 12 13 14 ]
[ 16 17 15 18 19 20 21 ]
[ 22 24 23 25 26 27 28 ]
[ 30 29 31 32 33 34 35 ]
[ 36 37 38 39 47 0  41 ]
[ 43 44 45 46 40 42 48 ]

Step #117:
[ 1  2  3  4  5  6  7  ]
[ 8  9  10 11 12 13 14 ]
[ 16 17 15 18 19 20 21 ]
[ 22 24 23 25 26 27 28 ]
[ 30 29 31 32 33 34 35 ]
[ 36 37 38 39 47 41 0  ]
[ 43 44 45 46 40 42 48 ]

Step #118:
[ 1  2  3  4  5  6  7  ]
[ 8  9  10 11 12 13 14 ]
[ 16 17 15 18 19 20 21 ]
[ 22 24 23 25 26 27 28 ]
[ 30 29 31 32 33 34 35 ]
[ 36 37 38 39 47 41 48 ]
[ 43 44 45 46 40 42 0  ]

Step #119:
[ 1  2  3  4  5  6  7  ]
[ 8  9  10 11 12 13 14 ]
[ 16 17 15 18 19 20 21 ]
[ 22 24 23 25 26 27 28 ]
[ 30 29 31 32 33 34 35 ]
[ 36 37 38 39 47 41 48 ]
[ 43 44 45 46 40 0  42 ]

Step #120:
[ 1  2  3  4  5  6  7  ]
[ 8  9  10 11 12 13 14 ]
[ 16 17 15 18 19 20 21 ]
[ 22 24 23 25 26 27 28 ]
[ 30 29 31 32 33 34 35 ]
[ 36 37 38 39 47 41 48 ]
[ 43 44 45 46 0  40 42 ]

Step #121:
[ 1  2  3  4  5  6  7  ]
[ 8  9  10 11 12 13 14 ]
[ 16 17 15 18 19 20 21 ]
[ 22 24 23 25 26 27 28 ]
[ 30 29 31 32 33 34 35 ]
[ 36 37 38 39 0  41 48 ]
[ 43 44 45 46 47 40 42 ]

Step #122:
[ 1  2  3  4  5  6  7  ]
[ 8  9  10 11 12 13 14 ]
[ 16 17 15 18 19 20 21 ]
[ 22 24 23 25 26 27 28 ]
[ 30 29 31 32 33 34 35 ]
[ 36 37 38 39 41 0  48 ]
[ 43 44 45 46 47 40 42 ]

Step #123:
[ 1  2  3  4  5  6  7  ]
[ 8  9  10 11 12 13 14 ]
[ 16 17 15 18 19 20 21 ]
[ 22 24 23 25 26 27 28 ]
[ 30 29 31 32 33 34 35 ]
[ 36 37 38 39 41 48 0  ]
[ 43 44 45 46 47 40 42 ]

Step #124:
[ 1  2  3  4  5  6  7  ]
[ 8  9  10 11 12 13 14 ]
[ 16 17 15 18 19 20 21 ]
[ 22 24 23 25 26 27 28 ]
[ 30 29 31 32 33 34 35 ]
[ 36 37 38 39 41 48 42 ]
[ 43 44 45 46 47 40 0  ]

Step #125:
[ 1  2  3  4  5  6  7  ]
[ 8  9  10 11 12 13 14 ]
[ 16 17 15 18 19 20 21 ]
[ 22 24 23 25 26 27 28 ]
[ 30 29 31 32 33 34 35 ]
[ 36 37 38 39 41 48 42 ]
[ 43 44 45 46 47 0  40 ]

Step #126:
[ 1  2  3  4  5  6  7  ]
[ 8  9  10 11 12 13 14 ]
[ 16 17 15 18 19 20 21 ]
[ 22 24 23 25 26 27 28 ]
[ 30 29 31 32 33 34 35 ]
[ 36 37 38 39 41 0  42 ]
[ 43 44 45 46 47 48 40 ]

Step #127:
[ 1  2  3  4  5  6  7  ]
[ 8  9  10 11 12 13 14 ]
[ 16 17 15 18 19 20 21 ]
[ 22 24 23 25 26 27 28 ]
[ 30 29 31 32 33 34 35 ]
[ 36 37 38 39 0  41 42 ]
[ 43 44 45 46 47 48 40 ]

Step #128:
[ 1  2  3  4  5  6  7  ]
[ 8  9  10 11 12 13 14 ]
[ 16 17 15 18 19 20 21 ]
[ 22 24 23 25 26 27 28 ]
[ 30 29 31 32 33 34 35 ]
[ 36 37 38 0  39 41 42 ]
[ 43 44 45 46 47 48 40 ]

Step #129:
[ 1  2  3  4  5  6  7  ]
[ 8  9  10 11 12 13 14 ]
[ 16 17 15 18 19 20 21 ]
[ 22 24 23 25 26 27 28 ]
[ 30 29 31 32 33 34 35 ]
[ 36 37 0  38 39 41 42 ]
[ 43 44 45 46 47 48 40 ]

Step #130:
[ 1  2  3  4  5  6  7  ]
[ 8  9  10 11 12 13 14 ]
[ 16 17 15 18 19 20 21 ]
[ 22 24 23 25 26 27 28 ]
[ 30 29 31 32 33 34 35 ]
[ 36 0  37 38 39 41 42 ]
[ 43 44 45 46 47 48 40 ]

Step #131:
[ 1  2  3  4  5  6  7  ]
[ 8  9  10 11 12 13 14 ]
[ 16 17 15 18 19 20 21 ]
[ 22 24 23 25 26 27 28 ]
[ 30 0  31 32 33 34 35 ]
[ 36 29 37 38 39 41 42 ]
[ 43 44 45 46 47 48 40 ]

Step #132:
[ 1  2  3  4  5  6  7  ]
[ 8  9  10 11 12 13 14 ]
[ 16 17 15 18 19 20 21 ]
[ 22 24 23 25 26 27 28 ]
[ 0  30 31 32 33 34 35 ]
[ 36 29 37 38 39 41 42 ]
[ 43 44 45 46 47 48 40 ]

Step #133:
[ 1  2  3  4  5  6  7  ]
[ 8  9  10 11 12 13 14 ]
[ 16 17 15 18 19 20 21 ]
[ 22 24 23 25 26 27 28 ]
[ 36 30 31 32 33 34 35 ]
[ 0  29 37 38 39 41 42 ]
[ 43 44 45 46 47 48 40 ]

Step #134:
[ 1  2  3  4  5  6  7  ]
[ 8  9  10 11 12 13 14 ]
[ 16 17 15 18 19 20 21 ]
[ 22 24 23 25 26 27 28 ]
[ 36 30 31 32 33 34 35 ]
[ 29 0  37 38 39 41 42 ]
[ 43 44 45 46 47 48 40 ]

Step #135:
[ 1  2  3  4  5  6  7  ]
[ 8  9  10 11 12 13 14 ]
[ 16 17 15 18 19 20 21 ]
[ 22 24 23 25 26 27 28 ]
[ 36 30 31 32 33 34 35 ]
[ 29 37 0  38 39 41 42 ]
[ 43 44 45 46 47 48 40 ]

Step #136:
[ 1  2  3  4  5  6  7  ]
[ 8  9  10 11 12 13 14 ]
[ 16 17 15 18 19 20 21 ]
[ 22 24 23 25 26 27 28 ]
[ 36 30 31 32 33 34 35 ]
[ 29 37 38 0  39 41 42 ]
[ 43 44 45 46 47 48 40 ]

Step #137:
[ 1  2  3  4  5  6  7  ]
[ 8  9  10 11 12 13 14 ]
[ 16 17 15 18 19 20 21 ]
[ 22 24 23 25 26 27 28 ]
[ 36 30 31 32 33 34 35 ]
[ 29 37 38 39 0  41 42 ]
[ 43 44 45 46 47 48 40 ]

Step #138:
[ 1  2  3  4  5  6  7  ]
[ 8  9  10 11 12 13 14 ]
[ 16 17 15 18 19 20 21 ]
[ 22 24 23 25 26 27 28 ]
[ 36 30 31 32 33 34 35 ]
[ 29 37 38 39 47 41 42 ]
[ 43 44 45 46 0  48 40 ]

Step #139:
[ 1  2  3  4  5  6  7  ]
[ 8  9  10 11 12 13 14 ]
[ 16 17 15 18 19 20 21 ]
[ 22 24 23 25 26 27 28 ]
[ 36 30 31 32 33 34 35 ]
[ 29 37 38 39 47 41 42 ]
[ 43 44 45 46 48 0  40 ]

Step #140:
[ 1  2  3  4  5  6  7  ]
[ 8  9  10 11 12 13 14 ]
[ 16 17 15 18 19 20 21 ]
[ 22 24 23 25 26 27 28 ]
[ 36 30 31 32 33 34 35 ]
[ 29 37 38 39 47 41 42 ]
[ 43 44 45 46 48 40 0  ]

Step #141:
[ 1  2  3  4  5  6  7  ]
[ 8  9  10 11 12 13 14 ]
[ 16 17 15 18 19 20 21 ]
[ 22 24 23 25 26 27 28 ]
[ 36 30 31 32 33 34 35 ]
[ 29 37 38 39 47 41 0  ]
[ 43 44 45 46 48 40 42 ]

Step #142:
[ 1  2  3  4  5  6  7  ]
[ 8  9  10 11 12 13 14 ]
[ 16 17 15 18 19 20 21 ]
[ 22 24 23 25 26 27 28 ]
[ 36 30 31 32 33 34 35 ]
[ 29 37 38 39 47 0  41 ]
[ 43 44 45 46 48 40 42 ]

Step #143:
[ 1  2  3  4  5  6  7  ]
[ 8  9  10 11 12 13 14 ]
[ 16 17 15 18 19 20 21 ]
[ 22 24 23 25 26 27 28 ]
[ 36 30 31 32 33 34 35 ]
[ 29 37 38 39 47 40 41 ]
[ 43 44 45 46 48 0  42 ]

Step #144:
[ 1  2  3  4  5  6  7  ]
[ 8  9  10 11 12 13 14 ]
[ 16 17 15 18 19 20 21 ]
[ 22 24 23 25 26 27 28 ]
[ 36 30 31 32 33 34 35 ]
[ 29 37 38 39 47 40 41 ]
[ 43 44 45 46 0  48 42 ]

Step #145:
[ 1  2  3  4  5  6  7  ]
[ 8  9  10 11 12 13 14 ]
[ 16 17 15 18 19 20 21 ]
[ 22 24 23 25 26 27 28 ]
[ 36 30 31 32 33 34 35 ]
[ 29 37 38 39 0  40 41 ]
[ 43 44 45 46 47 48 42 ]

Step #146:
[ 1  2  3  4  5  6  7  ]
[ 8  9  10 11 12 13 14 ]
[ 16 17 15 18 19 20 21 ]
[ 22 24 23 25 26 27 28 ]
[ 36 30 31 32 33 34 35 ]
[ 29 37 38 39 40 0  41 ]
[ 43 44 45 46 47 48 42 ]

Step #147:
[ 1  2  3  4  5  6  7  ]
[ 8  9  10 11 12 13 14 ]
[ 16 17 15 18 19 20 21 ]
[ 22 24 23 25 26 27 28 ]
[ 36 30 31 32 33 34 35 ]
[ 29 37 38 39 40 41 0  ]
[ 43 44 45 46 47 48 42 ]

Step #148:
[ 1  2  3  4  5  6  7  ]
[ 8  9  10 11 12 13 14 ]
[ 16 17 15 18 19 20 21 ]
[ 22 24 23 25 26 27 28 ]
[ 36 30 31 32 33 34 35 ]
[ 29 37 38 39 40 41 42 ]
[ 43 44 45 46 47 48 0  ]

Step #149:
[ 1  2  3  4  5  6  7  ]
[ 8  9  10 11 12 13 14 ]
[ 16 17 15 18 19 20 21 ]
[ 22 24 23 25 26 27 28 ]
[ 36 30 31 32 33 34 35 ]
[ 29 37 38 39 40 41 42 ]
[ 43 44 45 46 47 0  48 ]

Step #150:
[ 1  2  3  4  5  6  7  ]
[ 8  9  10 11 12 13 14 ]
[ 16 17 15 18 19 20 21 ]
[ 22 24 23 25 26 27 28 ]
[ 36 30 31 32 33 34 35 ]
[ 29 37 38 39 40 41 42 ]
[ 43 44 45 46 0  47 48 ]

Step #151:
[ 1  2  3  4  5  6  7  ]
[ 8  9  10 11 12 13 14 ]
[ 16 17 15 18 19 20 21 ]
[ 22 24 23 25 26 27 28 ]
[ 36 30 31 32 33 34 35 ]
[ 29 37 38 39 40 41 42 ]
[ 43 44 45 0  46 47 48 ]

Step #152:
[ 1  2  3  4  5  6  7  ]
[ 8  9  10 11 12 13 14 ]
[ 16 17 15 18 19 20 21 ]
[ 22 24 23 25 26 27 28 ]
[ 36 30 31 32 33 34 35 ]
[ 29 37 38 39 40 41 42 ]
[ 43 44 0  45 46 47 48 ]

Step #153:
[ 1  2  3  4  5  6  7  ]
[ 8  9  10 11 12 13 14 ]
[ 16 17 15 18 19 20 21 ]
[ 22 24 23 25 26 27 28 ]
[ 36 30 31 32 33 34 35 ]
[ 29 37 0  39 40 41 42 ]
[ 43 44 38 45 46 47 48 ]

Step #154:
[ 1  2  3  4  5  6  7  ]
[ 8  9  10 11 12 13 14 ]
[ 16 17 15 18 19 20 21 ]
[ 22 24 23 25 26 27 28 ]
[ 36 30 0  32 33 34 35 ]
[ 29 37 31 39 40 41 42 ]
[ 43 44 38 45 46 47 48 ]

Step #155:
[ 1  2  3  4  5  6  7  ]
[ 8  9  10 11 12 13 14 ]
[ 16 17 15 18 19 20 21 ]
[ 22 24 0  25 26 27 28 ]
[ 36 30 23 32 33 34 35 ]
[ 29 37 31 39 40 41 42 ]
[ 43 44 38 45 46 47 48 ]

Step #156:
[ 1  2  3  4  5  6  7  ]
[ 8  9  10 11 12 13 14 ]
[ 16 17 15 18 19 20 21 ]
[ 22 0  24 25 26 27 28 ]
[ 36 30 23 32 33 34 35 ]
[ 29 37 31 39 40 41 42 ]
[ 43 44 38 45 46 47 48 ]

Step #157:
[ 1  2  3  4  5  6  7  ]
[ 8  9  10 11 12 13 14 ]
[ 16 17 15 18 19 20 21 ]
[ 22 30 24 25 26 27 28 ]
[ 36 0  23 32 33 34 35 ]
[ 29 37 31 39 40 41 42 ]
[ 43 44 38 45 46 47 48 ]

Step #158:
[ 1  2  3  4  5  6  7  ]
[ 8  9  10 11 12 13 14 ]
[ 16 17 15 18 19 20 21 ]
[ 22 30 24 25 26 27 28 ]
[ 36 23 0  32 33 34 35 ]
[ 29 37 31 39 40 41 42 ]
[ 43 44 38 45 46 47 48 ]

Step #159:
[ 1  2  3  4  5  6  7  ]
[ 8  9  10 11 12 13 14 ]
[ 16 17 15 18 19 20 21 ]
[ 22 30 24 25 26 27 28 ]
[ 36 23 31 32 33 34 35 ]
[ 29 37 0  39 40 41 42 ]
[ 43 44 38 45 46 47 48 ]

Step #160:
[ 1  2  3  4  5  6  7  ]
[ 8  9  10 11 12 13 14 ]
[ 16 17 15 18 19 20 21 ]
[ 22 30 24 25 26 27 28 ]
[ 36 23 31 32 33 34 35 ]
[ 29 37 38 39 40 41 42 ]
[ 43 44 0  45 46 47 48 ]

Step #161:
[ 1  2  3  4  5  6  7  ]
[ 8  9  10 11 12 13 14 ]
[ 16 17 15 18 19 20 21 ]
[ 22 30 24 25 26 27 28 ]
[ 36 23 31 32 33 34 35 ]
[ 29 37 38 39 40 41 42 ]
[ 43 44 45 0  46 47 48 ]

Step #162:
[ 1  2  3  4  5  6  7  ]
[ 8  9  10 11 12 13 14 ]
[ 16 17 15 18 19 20 21 ]
[ 22 30 24 25 26 27 28 ]
[ 36 23 31 32 33 34 35 ]
[ 29 37 38 39 40 41 42 ]
[ 43 44 45 46 0  47 48 ]

Step #163:
[ 1  2  3  4  5  6  7  ]
[ 8  9  10 11 12 13 14 ]
[ 16 17 15 18 19 20 21 ]
[ 22 30 24 25 26 27 28 ]
[ 36 23 31 32 33 34 35 ]
[ 29 37 38 39 40 41 42 ]
[ 43 44 45 46 47 0  48 ]

Step #164:
[ 1  2  3  4  5  6  7  ]
[ 8  9  10 11 12 13 14 ]
[ 16 17 15 18 19 20 21 ]
[ 22 30 24 25 26 27 28 ]
[ 36 23 31 32 33 34 35 ]
[ 29 37 38 39 40 41 42 ]
[ 43 44 45 46 47 48 0  ]

Step #165:
[ 1  2  3  4  5  6  7  ]
[ 8  9  10 11 12 13 14 ]
[ 16 17 15 18 19 20 21 ]
[ 22 30 24 25 26 27 28 ]
[ 36 23 31 32 33 34 35 ]
[ 29 37 38 39 40 41 0  ]
[ 43 44 45 46 47 48 42 ]

Step #166:
[ 1  2  3  4  5  6  7  ]
[ 8  9  10 11 12 13 14 ]
[ 16 17 15 18 19 20 21 ]
[ 22 30 24 25 26 27 28 ]
[ 36 23 31 32 33 34 35 ]
[ 29 37 38 39 40 0  41 ]
[ 43 44 45 46 47 48 42 ]

Step #167:
[ 1  2  3  4  5  6  7  ]
[ 8  9  10 11 12 13 14 ]
[ 16 17 15 18 19 20 21 ]
[ 22 30 24 25 26 27 28 ]
[ 36 23 31 32 33 34 35 ]
[ 29 37 38 39 0  40 41 ]
[ 43 44 45 46 47 48 42 ]

Step #168:
[ 1  2  3  4  5  6  7  ]
[ 8  9  10 11 12 13 14 ]
[ 16 17 15 18 19 20 21 ]
[ 22 30 24 25 26 27 28 ]
[ 36 23 31 32 33 34 35 ]
[ 29 37 38 39 47 40 41 ]
[ 43 44 45 46 0  48 42 ]

Step #169:
[ 1  2  3  4  5  6  7  ]
[ 8  9  10 11 12 13 14 ]
[ 16 17 15 18 19 20 21 ]
[ 22 30 24 25 26 27 28 ]
[ 36 23 31 32 33 34 35 ]
[ 29 37 38 39 47 40 41 ]
[ 43 44 45 46 48 0  42 ]

Step #170:
[ 1  2  3  4  5  6  7  ]
[ 8  9  10 11 12 13 14 ]
[ 16 17 15 18 19 20 21 ]
[ 22 30 24 25 26 27 28 ]
[ 36 23 31 32 33 34 35 ]
[ 29 37 38 39 47 0  41 ]
[ 43 44 45 46 48 40 42 ]

Step #171:
[ 1  2  3  4  5  6  7  ]
[ 8  9  10 11 12 13 14 ]
[ 16 17 15 18 19 20 21 ]
[ 22 30 24 25 26 27 28 ]
[ 36 23 31 32 33 34 35 ]
[ 29 37 38 39 47 41 0  ]
[ 43 44 45 46 48 40 42 ]

Step #172:
[ 1  2  3  4  5  6  7  ]
[ 8  9  10 11 12 13 14 ]
[ 16 17 15 18 19 20 21 ]
[ 22 30 24 25 26 27 28 ]
[ 36 23 31 32 33 34 35 ]
[ 29 37 38 39 47 41 42 ]
[ 43 44 45 46 48 40 0  ]

Step #173:
[ 1  2  3  4  5  6  7  ]
[ 8  9  10 11 12 13 14 ]
[ 16 17 15 18 19 20 21 ]
[ 22 30 24 25 26 27 28 ]
[ 36 23 31 32 33 34 35 ]
[ 29 37 38 39 47 41 42 ]
[ 43 44 45 46 48 0  40 ]

Step #174:
[ 1  2  3  4  5  6  7  ]
[ 8  9  10 11 12 13 14 ]
[ 16 17 15 18 19 20 21 ]
[ 22 30 24 25 26 27 28 ]
[ 36 23 31 32 33 34 35 ]
[ 29 37 38 39 47 41 42 ]
[ 43 44 45 46 0  48 40 ]

Step #175:
[ 1  2  3  4  5  6  7  ]
[ 8  9  10 11 12 13 14 ]
[ 16 17 15 18 19 20 21 ]
[ 22 30 24 25 26 27 28 ]
[ 36 23 31 32 33 34 35 ]
[ 29 37 38 39 0  41 42 ]
[ 43 44 45 46 47 48 40 ]

Step #176:
[ 1  2  3  4  5  6  7  ]
[ 8  9  10 11 12 13 14 ]
[ 16 17 15 18 19 20 21 ]
[ 22 30 24 25 26 27 28 ]
[ 36 23 31 32 33 34 35 ]
[ 29 37 38 0  39 41 42 ]
[ 43 44 45 46 47 48 40 ]

Step #177:
[ 1  2  3  4  5  6  7  ]
[ 8  9  10 11 12 13 14 ]
[ 16 17 15 18 19 20 21 ]
[ 22 30 24 25 26 27 28 ]
[ 36 23 31 32 33 34 35 ]
[ 29 37 0  38 39 41 42 ]
[ 43 44 45 46 47 48 40 ]

Step #178:
[ 1  2  3  4  5  6  7  ]
[ 8  9  10 11 12 13 14 ]
[ 16 17 15 18 19 20 21 ]
[ 22 30 24 25 26 27 28 ]
[ 36 23 31 32 33 34 35 ]
[ 29 0  37 38 39 41 42 ]
[ 43 44 45 46 47 48 40 ]

Step #179:
[ 1  2  3  4  5  6  7  ]
[ 8  9  10 11 12 13 14 ]
[ 16 17 15 18 19 20 21 ]
[ 22 30 24 25 26 27 28 ]
[ 36 0  31 32 33 34 35 ]
[ 29 23 37 38 39 41 42 ]
[ 43 44 45 46 47 48 40 ]

Step #180:
[ 1  2  3  4  5  6  7  ]
[ 8  9  10 11 12 13 14 ]
[ 16 17 15 18 19 20 21 ]
[ 22 0  24 25 26 27 28 ]
[ 36 30 31 32 33 34 35 ]
[ 29 23 37 38 39 41 42 ]
[ 43 44 45 46 47 48 40 ]

Step #181:
[ 1  2  3  4  5  6  7  ]
[ 8  9  10 11 12 13 14 ]
[ 16 0  15 18 19 20 21 ]
[ 22 17 24 25 26 27 28 ]
[ 36 30 31 32 33 34 35 ]
[ 29 23 37 38 39 41 42 ]
[ 43 44 45 46 47 48 40 ]

Step #182:
[ 1  2  3  4  5  6  7  ]
[ 8  9  10 11 12 13 14 ]
[ 16 15 0  18 19 20 21 ]
[ 22 17 24 25 26 27 28 ]
[ 36 30 31 32 33 34 35 ]
[ 29 23 37 38 39 41 42 ]
[ 43 44 45 46 47 48 40 ]

Step #183:
[ 1  2  3  4  5  6  7  ]
[ 8  9  10 11 12 13 14 ]
[ 16 15 24 18 19 20 21 ]
[ 22 17 0  25 26 27 28 ]
[ 36 30 31 32 33 34 35 ]
[ 29 23 37 38 39 41 42 ]
[ 43 44 45 46 47 48 40 ]

Step #184:
[ 1  2  3  4  5  6  7  ]
[ 8  9  10 11 12 13 14 ]
[ 16 15 24 18 19 20 21 ]
[ 22 0  17 25 26 27 28 ]
[ 36 30 31 32 33 34 35 ]
[ 29 23 37 38 39 41 42 ]
[ 43 44 45 46 47 48 40 ]

Step #185:
[ 1  2  3  4  5  6  7  ]
[ 8  9  10 11 12 13 14 ]
[ 16 15 24 18 19 20 21 ]
[ 22 30 17 25 26 27 28 ]
[ 36 0  31 32 33 34 35 ]
[ 29 23 37 38 39 41 42 ]
[ 43 44 45 46 47 48 40 ]

Step #186:
[ 1  2  3  4  5  6  7  ]
[ 8  9  10 11 12 13 14 ]
[ 16 15 24 18 19 20 21 ]
[ 22 30 17 25 26 27 28 ]
[ 36 23 31 32 33 34 35 ]
[ 29 0  37 38 39 41 42 ]
[ 43 44 45 46 47 48 40 ]

Step #187:
[ 1  2  3  4  5  6  7  ]
[ 8  9  10 11 12 13 14 ]
[ 16 15 24 18 19 20 21 ]
[ 22 30 17 25 26 27 28 ]
[ 36 23 31 32 33 34 35 ]
[ 0  29 37 38 39 41 42 ]
[ 43 44 45 46 47 48 40 ]

Step #188:
[ 1  2  3  4  5  6  7  ]
[ 8  9  10 11 12 13 14 ]
[ 16 15 24 18 19 20 21 ]
[ 22 30 17 25 26 27 28 ]
[ 0  23 31 32 33 34 35 ]
[ 36 29 37 38 39 41 42 ]
[ 43 44 45 46 47 48 40 ]

Step #189:
[ 1  2  3  4  5  6  7  ]
[ 8  9  10 11 12 13 14 ]
[ 16 15 24 18 19 20 21 ]
[ 22 30 17 25 26 27 28 ]
[ 23 0  31 32 33 34 35 ]
[ 36 29 37 38 39 41 42 ]
[ 43 44 45 46 47 48 40 ]

Step #190:
[ 1  2  3  4  5  6  7  ]
[ 8  9  10 11 12 13 14 ]
[ 16 15 24 18 19 20 21 ]
[ 22 30 17 25 26 27 28 ]
[ 23 29 31 32 33 34 35 ]
[ 36 0  37 38 39 41 42 ]
[ 43 44 45 46 47 48 40 ]

Step #191:
[ 1  2  3  4  5  6  7  ]
[ 8  9  10 11 12 13 14 ]
[ 16 15 24 18 19 20 21 ]
[ 22 30 17 25 26 27 28 ]
[ 23 29 31 32 33 34 35 ]
[ 36 37 0  38 39 41 42 ]
[ 43 44 45 46 47 48 40 ]

Step #192:
[ 1  2  3  4  5  6  7  ]
[ 8  9  10 11 12 13 14 ]
[ 16 15 24 18 19 20 21 ]
[ 22 30 17 25 26 27 28 ]
[ 23 29 31 32 33 34 35 ]
[ 36 37 38 0  39 41 42 ]
[ 43 44 45 46 47 48 40 ]

Step #193:
[ 1  2  3  4  5  6  7  ]
[ 8  9  10 11 12 13 14 ]
[ 16 15 24 18 19 20 21 ]
[ 22 30 17 25 26 27 28 ]
[ 23 29 31 32 33 34 35 ]
[ 36 37 38 39 0  41 42 ]
[ 43 44 45 46 47 48 40 ]

Step #194:
[ 1  2  3  4  5  6  7  ]
[ 8  9  10 11 12 13 14 ]
[ 16 15 24 18 19 20 21 ]
[ 22 30 17 25 26 27 28 ]
[ 23 29 31 32 33 34 35 ]
[ 36 37 38 39 47 41 42 ]
[ 43 44 45 46 0  48 40 ]

Step #195:
[ 1  2  3  4  5  6  7  ]
[ 8  9  10 11 12 13 14 ]
[ 16 15 24 18 19 20 21 ]
[ 22 30 17 25 26 27 28 ]
[ 23 29 31 32 33 34 35 ]
[ 36 37 38 39 47 41 42 ]
[ 43 44 45 46 48 0  40 ]

Step #196:
[ 1  2  3  4  5  6  7  ]
[ 8  9  10 11 12 13 14 ]
[ 16 15 24 18 19 20 21 ]
[ 22 30 17 25 26 27 28 ]
[ 23 29 31 32 33 34 35 ]
[ 36 37 38 39 47 41 42 ]
[ 43 44 45 46 48 40 0  ]

Step #197:
[ 1  2  3  4  5  6  7  ]
[ 8  9  10 11 12 13 14 ]
[ 16 15 24 18 19 20 21 ]
[ 22 30 17 25 26 27 28 ]
[ 23 29 31 32 33 34 35 ]
[ 36 37 38 39 47 41 0  ]
[ 43 44 45 46 48 40 42 ]

Step #198:
[ 1  2  3  4  5  6  7  ]
[ 8  9  10 11 12 13 14 ]
[ 16 15 24 18 19 20 21 ]
[ 22 30 17 25 26 27 28 ]
[ 23 29 31 32 33 34 35 ]
[ 36 37 38 39 47 0  41 ]
[ 43 44 45 46 48 40 42 ]

Step #199:
[ 1  2  3  4  5  6  7  ]
[ 8  9  10 11 12 13 14 ]
[ 16 15 24 18 19 20 21 ]
[ 22 30 17 25 26 27 28 ]
[ 23 29 31 32 33 34 35 ]
[ 36 37 38 39 47 40 41 ]
[ 43 44 45 46 48 0  42 ]

Step #200:
[ 1  2  3  4  5  6  7  ]
[ 8  9  10 11 12 13 14 ]
[ 16 15 24 18 19 20 21 ]
[ 22 30 17 25 26 27 28 ]
[ 23 29 31 32 33 34 35 ]
[ 36 37 38 39 47 40 41 ]
[ 43 44 45 46 0  48 42 ]

Step #201:
[ 1  2  3  4  5  6  7  ]
[ 8  9  10 11 12 13 14 ]
[ 16 15 24 18 19 20 21 ]
[ 22 30 17 25 26 27 28 ]
[ 23 29 31 32 33 34 35 ]
[ 36 37 38 39 0  40 41 ]
[ 43 44 45 46 47 48 42 ]

Step #202:
[ 1  2  3  4  5  6  7  ]
[ 8  9  10 11 12 13 14 ]
[ 16 15 24 18 19 20 21 ]
[ 22 30 17 25 26 27 28 ]
[ 23 29 31 32 33 34 35 ]
[ 36 37 38 39 40 0  41 ]
[ 43 44 45 46 47 48 42 ]

Step #203:
[ 1  2  3  4  5  6  7  ]
[ 8  9  10 11 12 13 14 ]
[ 16 15 24 18 19 20 21 ]
[ 22 30 17 25 26 27 28 ]
[ 23 29 31 32 33 34 35 ]
[ 36 37 38 39 40 41 0  ]
[ 43 44 45 46 47 48 42 ]

Step #204:
[ 1  2  3  4  5  6  7  ]
[ 8  9  10 11 12 13 14 ]
[ 16 15 24 18 19 20 21 ]
[ 22 30 17 25 26 27 28 ]
[ 23 29 31 32 33 34 35 ]
[ 36 37 38 39 40 41 42 ]
[ 43 44 45 46 47 48 0  ]

Step #205:
[ 1  2  3  4  5  6  7  ]
[ 8  9  10 11 12 13 14 ]
[ 16 15 24 18 19 20 21 ]
[ 22 30 17 25 26 27 28 ]
[ 23 29 31 32 33 34 35 ]
[ 36 37 38 39 40 41 42 ]
[ 43 44 45 46 47 0  48 ]

Step #206:
[ 1  2  3  4  5  6  7  ]
[ 8  9  10 11 12 13 14 ]
[ 16 15 24 18 19 20 21 ]
[ 22 30 17 25 26 27 28 ]
[ 23 29 31 32 33 34 35 ]
[ 36 37 38 39 40 41 42 ]
[ 43 44 45 46 0  47 48 ]

Step #207:
[ 1  2  3  4  5  6  7  ]
[ 8  9  10 11 12 13 14 ]
[ 16 15 24 18 19 20 21 ]
[ 22 30 17 25 26 27 28 ]
[ 23 29 31 32 33 34 35 ]
[ 36 37 38 39 0  41 42 ]
[ 43 44 45 46 40 47 48 ]

Step #208:
[ 1  2  3  4  5  6  7  ]
[ 8  9  10 11 12 13 14 ]
[ 16 15 24 18 19 20 21 ]
[ 22 30 17 25 26 27 28 ]
[ 23 29 31 32 33 34 35 ]
[ 36 37 38 0  39 41 42 ]
[ 43 44 45 46 40 47 48 ]

Step #209:
[ 1  2  3  4  5  6  7  ]
[ 8  9  10 11 12 13 14 ]
[ 16 15 24 18 19 20 21 ]
[ 22 30 17 25 26 27 28 ]
[ 23 29 31 0  33 34 35 ]
[ 36 37 38 32 39 41 42 ]
[ 43 44 45 46 40 47 48 ]

Step #210:
[ 1  2  3  4  5  6  7  ]
[ 8  9  10 11 12 13 14 ]
[ 16 15 24 18 19 20 21 ]
[ 22 30 17 0  26 27 28 ]
[ 23 29 31 25 33 34 35 ]
[ 36 37 38 32 39 41 42 ]
[ 43 44 45 46 40 47 48 ]

Step #211:
[ 1  2  3  4  5  6  7  ]
[ 8  9  10 11 12 13 14 ]
[ 16 15 24 18 19 20 21 ]
[ 22 30 0  17 26 27 28 ]
[ 23 29 31 25 33 34 35 ]
[ 36 37 38 32 39 41 42 ]
[ 43 44 45 46 40 47 48 ]

Step #212:
[ 1  2  3  4  5  6  7  ]
[ 8  9  10 11 12 13 14 ]
[ 16 15 0  18 19 20 21 ]
[ 22 30 24 17 26 27 28 ]
[ 23 29 31 25 33 34 35 ]
[ 36 37 38 32 39 41 42 ]
[ 43 44 45 46 40 47 48 ]

Step #213:
[ 1  2  3  4  5  6  7  ]
[ 8  9  10 11 12 13 14 ]
[ 16 0  15 18 19 20 21 ]
[ 22 30 24 17 26 27 28 ]
[ 23 29 31 25 33 34 35 ]
[ 36 37 38 32 39 41 42 ]
[ 43 44 45 46 40 47 48 ]

Step #214:
[ 1  2  3  4  5  6  7  ]
