Initial board:
[ 2  9  3  6  0  7  14 ]
[ 1  17 10 5  4  11 12 ]
[ 8  29 23 18 19 13 21 ]
[ 16 15 24 25 26 20 34 ]
[ 22 30 31 32 33 28 27 ]
[ 36 37 38 39 40 41 35 ]
[ 43 44 45 46 47 48 42 ]

Solution (total nodes 8750):
Step #1:
[ 2  9  3  0  6  7  14 ]
[ 1  17 10 5  4  11 12 ]
[ 8  29 23 18 19 13 21 ]
[ 16 15 24 25 26 20 34 ]
[ 22 30 31 32 33 28 27 ]
[ 36 37 38 39 40 41 35 ]
[ 43 44 45 46 47 48 42 ]

Step #2:
[ 2  9  3  5  6  7  14 ]
[ 1  17 10 0  4  11 12 ]
[ 8  29 23 18 19 13 21 ]
[ 16 15 24 25 26 20 34 ]
[ 22 30 31 32 33 28 27 ]
[ 36 37 38 39 40 41 35 ]
[ 43 44 45 46 47 48 42 ]

Step #3:
[ 2  9  3  5  6  7  14 ]
[ 1  17 10 4  0  11 12 ]
[ 8  29 23 18 19 13 21 ]
[ 16 15 24 25 26 20 34 ]
[ 22 30 31 32 33 28 27 ]
[ 36 37 38 39 40 41 35 ]
[ 43 44 45 46 47 48 42 ]

Step #4:
[ 2  9  3  5  6  7  14 ]
[ 1  17 10 4  11 0  12 ]
[ 8  29 23 18 19 13 21 ]
[ 16 15 24 25 26 20 34 ]
[ 22 30 31 32 33 28 27 ]
[ 36 37 38 39 40 41 35 ]
[ 43 44 45 46 47 48 42 ]

Step #5:
[ 2  9  3  5  6  7  14 ]
[ 1  17 10 4  11 12 0  ]
[ 8  29 23 18 19 13 21 ]
[ 16 15 24 25 26 20 34 ]
[ 22 30 31 32 33 28 27 ]
[ 36 37 38 39 40 41 35 ]
[ 43 44 45 46 47 48 42 ]

Step #6:
[ 2  9  3  5  6  7  0  ]
[ 1  17 10 4  11 12 14 ]
[ 8  29 23 18 19 13 21 ]
[ 16 15 24 25 26 20 34 ]
[ 22 30 31 32 33 28 27 ]
[ 36 37 38 39 40 41 35 ]
[ 43 44 45 46 47 48 42 ]

Step #7:
[ 2  9  3  5  6  0  7  ]
[ 1  17 10 4  11 12 14 ]
[ 8  29 23 18 19 13 21 ]
[ 16 15 24 25 26 20 34 ]
[ 22 30 31 32 33 28 27 ]
[ 36 37 38 39 40 41 35 ]
[ 43 44 45 46 47 48 42 ]

Step #8:
[ 2  9  3  5  0  6  7  ]
[ 1  17 10 4  11 12 14 ]
[ 8  29 23 18 19 13 21 ]
[ 16 15 24 25 26 20 34 ]
[ 22 30 31 32 33 28 27 ]
[ 36 37 38 39 40 41 35 ]
[ 43 44 45 46 47 48 42 ]

Step #9:
[ 2  9  3  0  5  6  7  ]
[ 1  17 10 4  11 12 14 ]
[ 8  29 23 18 19 13 21 ]
[ 16 15 24 25 26 20 34 ]
[ 22 30 31 32 33 28 27 ]
[ 36 37 38 39 40 41 35 ]
[ 43 44 45 46 47 48 42 ]

Step #10:
[ 2  9  3  4  5  6  7  ]
[ 1  17 10 0  11 12 14 ]
[ 8  29 23 18 19 13 21 ]
[ 16 15 24 25 26 20 34 ]
[ 22 30 31 32 33 28 27 ]
[ 36 37 38 39 40 41 35 ]
[ 43 44 45 46 47 48 42 ]

Step #11:
[ 2  9  3  4  5  6  7  ]
[ 1  17 0  10 11 12 14 ]
[ 8  29 23 18 19 13 21 ]
[ 16 15 24 25 26 20 34 ]
[ 22 30 31 32 33 28 27 ]
[ 36 37 38 39 40 41 35 ]
[ 43 44 45 46 47 48 42 ]

Step #12:
[ 2  9  3  4  5  6  7  ]
[ 1  0  17 10 11 12 14 ]
[ 8  29 23 18 19 13 21 ]
[ 16 15 24 25 26 20 34 ]
[ 22 30 31 32 33 28 27 ]
[ 36 37 38 39 40 41 35 ]
[ 43 44 45 46 47 48 42 ]

Step #13:
[ 2  0  3  4  5  6  7  ]
[ 1  9  17 10 11 12 14 ]
[ 8  29 23 18 19 13 21 ]
[ 16 15 24 25 26 20 34 ]
[ 22 30 31 32 33 28 27 ]
[ 36 37 38 39 40 41 35 ]
[ 43 44 45 46 47 48 42 ]

Step #14:
[ 0  2  3  4  5  6  7  ]
[ 1  9  17 10 11 12 14 ]
[ 8  29 23 18 19 13 21 ]
[ 16 15 24 25 26 20 34 ]
[ 22 30 31 32 33 28 27 ]
[ 36 37 38 39 40 41 35 ]
[ 43 44 45 46 47 48 42 ]

Step #15:
[ 1  2  3  4  5  6  7  ]
[ 0  9  17 10 11 12 14 ]
[ 8  29 23 18 19 13 21 ]
[ 16 15 24 25 26 20 34 ]
[ 22 30 31 32 33 28 27 ]
[ 36 37 38 39 40 41 35 ]
[ 43 44 45 46 47 48 42 ]

Step #16:
[ 1  2  3  4  5  6  7  ]
[ 8  9  17 10 11 12 14 ]
[ 0  29 23 18 19 13 21 ]
[ 16 15 24 25 26 20 34 ]
[ 22 30 31 32 33 28 27 ]
[ 36 37 38 39 40 41 35 ]
[ 43 44 45 46 47 48 42 ]

Step #17:
[ 1  2  3  4  5  6  7  ]
[ 8  9  17 10 11 12 14 ]
[ 16 29 23 18 19 13 21 ]
[ 0  15 24 25 26 20 34 ]
[ 22 30 31 32 33 28 27 ]
[ 36 37 38 39 40 41 35 ]
[ 43 44 45 46 47 48 42 ]

Step #18:
[ 1  2  3  4  5  6  7  ]
[ 8  9  17 10 11 12 14 ]
[ 16 29 23 18 19 13 21 ]
[ 15 0  24 25 26 20 34 ]
[ 22 30 31 32 33 28 27 ]
[ 36 37 38 39 40 41 35 ]
[ 43 44 45 46 47 48 42 ]

Step #19:
[ 1  2  3  4  5  6  7  ]
[ 8  9  17 10 11 12 14 ]
[ 16 0  23 18 19 13 21 ]
[ 15 29 24 25 26 20 34 ]
[ 22 30 31 32 33 28 27 ]
[ 36 37 38 39 40 41 35 ]
[ 43 44 45 46 47 48 42 ]

Step #20:
[ 1  2  3  4  5  6  7  ]
[ 8  9  17 10 11 12 14 ]
[ 16 23 0  18 19 13 21 ]
[ 15 29 24 25 26 20 34 ]
[ 22 30 31 32 33 28 27 ]
[ 36 37 38 39 40 41 35 ]
[ 43 44 45 46 47 48 42 ]

Step #21:
[ 1  2  3  4  5  6  7  ]
[ 8  9  0  10 11 12 14 ]
[ 16 23 17 18 19 13 21 ]
[ 15 29 24 25 26 20 34 ]
[ 22 30 31 32 33 28 27 ]
[ 36 37 38 39 40 41 35 ]
[ 43 44 45 46 47 48 42 ]

Step #22:
[ 1  2  3  4  5  6  7  ]
[ 8  9  10 0  11 12 14 ]
[ 16 23 17 18 19 13 21 ]
[ 15 29 24 25 26 20 34 ]
[ 22 30 31 32 33 28 27 ]
[ 36 37 38 39 40 41 35 ]
[ 43 44 45 46 47 48 42 ]

Step #23:
[ 1  2  3  4  5  6  7  ]
[ 8  9  10 11 0  12 14 ]
[ 16 23 17 18 19 13 21 ]
[ 15 29 24 25 26 20 34 ]
[ 22 30 31 32 33 28 27 ]
[ 36 37 38 39 40 41 35 ]
[ 43 44 45 46 47 48 42 ]

Step #24:
[ 1  2  3  4  5  6  7  ]
[ 8  9  10 11 12 0  14 ]
[ 16 23 17 18 19 13 21 ]
[ 15 29 24 25 26 20 34 ]
[ 22 30 31 32 33 28 27 ]
[ 36 37 38 39 40 41 35 ]
[ 43 44 45 46 47 48 42 ]

Step #25:
[ 1  2  3  4  5  6  7  ]
[ 8  9  10 11 12 13 14 ]
[ 16 23 17 18 19 0  21 ]
[ 15 29 24 25 26 20 34 ]
[ 22 30 31 32 33 28 27 ]
[ 36 37 38 39 40 41 35 ]
[ 43 44 45 46 47 48 42 ]

Step #26:
[ 1  2  3  4  5  6  7  ]
[ 8  9  10 11 12 13 14 ]
[ 16 23 17 18 19 20 21 ]
[ 15 29 24 25 26 0  34 ]
[ 22 30 31 32 33 28 27 ]
[ 36 37 38 39 40 41 35 ]
[ 43 44 45 46 47 48 42 ]

Step #27:
[ 1  2  3  4  5  6  7  ]
[ 8  9  10 11 12 13 14 ]
[ 16 23 17 18 19 20 21 ]
[ 15 29 24 25 26 34 0  ]
[ 22 30 31 32 33 28 27 ]
[ 36 37 38 39 40 41 35 ]
[ 43 44 45 46 47 48 42 ]

Step #28:
[ 1  2  3  4  5  6  7  ]
[ 8  9  10 11 12 13 14 ]
[ 16 23 17 18 19 20 21 ]
[ 15 29 24 25 26 34 27 ]
[ 22 30 31 32 33 28 0  ]
[ 36 37 38 39 40 41 35 ]
[ 43 44 45 46 47 48 42 ]

Step #29:
[ 1  2  3  4  5  6  7  ]
[ 8  9  10 11 12 13 14 ]
[ 16 23 17 18 19 20 21 ]
[ 15 29 24 25 26 34 27 ]
[ 22 30 31 32 33 0  28 ]
[ 36 37 38 39 40 41 35 ]
[ 43 44 45 46 47 48 42 ]

Step #30:
[ 1  2  3  4  5  6  7  ]
[ 8  9  10 11 12 13 14 ]
[ 16 23 17 18 19 20 21 ]
[ 15 29 24 25 26 34 27 ]
[ 22 30 31 32 0  33 28 ]
[ 36 37 38 39 40 41 35 ]
[ 43 44 45 46 47 48 42 ]

Step #31:
[ 1  2  3  4  5  6  7  ]
[ 8  9  10 11 12 13 14 ]
[ 16 23 17 18 19 20 21 ]
[ 15 29 24 25 26 34 27 ]
[ 22 30 31 0  32 33 28 ]
[ 36 37 38 39 40 41 35 ]
[ 43 44 45 46 47 48 42 ]

Step #32:
[ 1  2  3  4  5  6  7  ]
[ 8  9  10 11 12 13 14 ]
[ 16 23 17 18 19 20 21 ]
[ 15 29 24 25 26 34 27 ]
[ 22 30 0  31 32 33 28 ]
[ 36 37 38 39 40 41 35 ]
[ 43 44 45 46 47 48 42 ]

Step #33:
[ 1  2  3  4  5  6  7  ]
[ 8  9  10 11 12 13 14 ]
[ 16 23 17 18 19 20 21 ]
[ 15 29 24 25 26 34 27 ]
[ 22 0  30 31 32 33 28 ]
[ 36 37 38 39 40 41 35 ]
[ 43 44 45 46 47 48 42 ]

Step #34:
[ 1  2  3  4  5  6  7  ]
[ 8  9  10 11 12 13 14 ]
[ 16 23 17 18 19 20 21 ]
[ 15 0  24 25 26 34 27 ]
[ 22 29 30 31 32 33 28 ]
[ 36 37 38 39 40 41 35 ]
[ 43 44 45 46 47 48 42 ]

Step #35:
[ 1  2  3  4  5  6  7  ]
[ 8  9  10 11 12 13 14 ]
[ 16 0  17 18 19 20 21 ]
[ 15 23 24 25 26 34 27 ]
[ 22 29 30 31 32 33 28 ]
[ 36 37 38 39 40 41 35 ]
[ 43 44 45 46 47 48 42 ]

Step #36:
[ 1  2  3  4  5  6  7  ]
[ 8  9  10 11 12 13 14 ]
[ 0  16 17 18 19 20 21 ]
[ 15 23 24 25 26 34 27 ]
[ 22 29 30 31 32 33 28 ]
[ 36 37 38 39 40 41 35 ]
[ 43 44 45 46 47 48 42 ]

Step #37:
[ 1  2  3  4  5  6  7  ]
[ 8  9  10 11 12 13 14 ]
[ 15 16 17 18 19 20 21 ]
[ 0  23 24 25 26 34 27 ]
[ 22 29 30 31 32 33 28 ]
[ 36 37 38 39 40 41 35 ]
[ 43 44 45 46 47 48 42 ]

Step #38:
[ 1  2  3  4  5  6  7  ]
[ 8  9  10 11 12 13 14 ]
[ 15 16 17 18 19 20 21 ]
[ 22 23 24 25 26 34 27 ]
[ 0  29 30 31 32 33 28 ]
[ 36 37 38 39 40 41 35 ]
[ 43 44 45 46 47 48 42 ]

Step #39:
[ 1  2  3  4  5  6  7  ]
[ 8  9  10 11 12 13 14 ]
[ 15 16 17 18 19 20 21 ]
[ 22 23 24 25 26 34 27 ]
[ 29 0  30 31 32 33 28 ]
[ 36 37 38 39 40 41 35 ]
[ 43 44 45 46 47 48 42 ]

Step #40:
[ 1  2  3  4  5  6  7  ]
[ 8  9  10 11 12 13 14 ]
[ 15 16 17 18 19 20 21 ]
[ 22 23 24 25 26 34 27 ]
[ 29 30 0  31 32 33 28 ]
[ 36 37 38 39 40 41 35 ]
[ 43 44 45 46 47 48 42 ]

Step #41:
[ 1  2  3  4  5  6  7  ]
[ 8  9  10 11 12 13 14 ]
[ 15 16 17 18 19 20 21 ]
[ 22 23 24 25 26 34 27 ]
[ 29 30 31 0  32 33 28 ]
[ 36 37 38 39 40 41 35 ]
[ 43 44 45 46 47 48 42 ]

Step #42:
[ 1  2  3  4  5  6  7  ]
[ 8  9  10 11 12 13 14 ]
[ 15 16 17 18 19 20 21 ]
[ 22 23 24 25 26 34 27 ]
[ 29 30 31 32 0  33 28 ]
[ 36 37 38 39 40 41 35 ]
[ 43 44 45 46 47 48 42 ]

Step #43:
[ 1  2  3  4  5  6  7  ]
[ 8  9  10 11 12 13 14 ]
[ 15 16 17 18 19 20 21 ]
[ 22 23 24 25 26 34 27 ]
[ 29 30 31 32 33 0  28 ]
[ 36 37 38 39 40 41 35 ]
[ 43 44 45 46 47 48 42 ]

Step #44:
[ 1  2  3  4  5  6  7  ]
[ 8  9  10 11 12 13 14 ]
[ 15 16 17 18 19 20 21 ]
[ 22 23 24 25 26 0  27 ]
[ 29 30 31 32 33 34 28 ]
[ 36 37 38 39 40 41 35 ]
[ 43 44 45 46 47 48 42 ]

Step #45:
[ 1  2  3  4  5  6  7  ]
[ 8  9  10 11 12 13 14 ]
[ 15 16 17 18 19 20 21 ]
[ 22 23 24 25 26 27 0  ]
[ 29 30 31 32 33 34 28 ]
[ 36 37 38 39 40 41 35 ]
[ 43 44 45 46 47 48 42 ]

Step #46:
[ 1  2  3  4  5  6  7  ]
[ 8  9  10 11 12 13 14 ]
[ 15 16 17 18 19 20 21 ]
[ 22 23 24 25 26 27 28 ]
[ 29 30 31 32 33 34 0  ]
[ 36 37 38 39 40 41 35 ]
[ 43 44 45 46 47 48 42 ]

Step #47:
[ 1  2  3  4  5  6  7  ]
[ 8  9  10 11 12 13 14 ]
[ 15 16 17 18 19 20 21 ]
[ 22 23 24 25 26 27 28 ]
[ 29 30 31 32 33 34 35 ]
[ 36 37 38 39 40 41 0  ]
[ 43 44 45 46 47 48 42 ]

Step #48:
[ 1  2  3  4  5  6  7  ]
[ 8  9  10 11 12 13 14 ]
[ 15 16 17 18 19 20 21 ]
[ 22 23 24 25 26 27 28 ]
[ 29 30 31 32 33 34 35 ]
[ 36 37 38 39 40 41 42 ]
[ 43 44 45 46 47 48 0  ]

