Initial board:
[ 1  2  10 3  4  6  ]
[ 7  9  11 23 5  12 ]
[ 13 8  14 17 16 18 ]
[ 19 20 15 0  24 30 ]
[ 25 21 32 26 22 28 ]
[ 31 27 34 33 29 35 ]

Solution (total nodes 22147):
Step #1:
[ 1  2  10 3  4  6  ]
[ 7  9  11 23 5  12 ]
[ 13 8  14 17 16 18 ]
[ 19 20 15 24 0  30 ]
[ 25 21 32 26 22 28 ]
[ 31 27 34 33 29 35 ]

Step #2:
[ 1  2  10 3  4  6  ]
[ 7  9  11 23 5  12 ]
[ 13 8  14 17 16 18 ]
[ 19 20 15 24 22 30 ]
[ 25 21 32 26 0  28 ]
[ 31 27 34 33 29 35 ]

Step #3:
[ 1  2  10 3  4  6  ]
[ 7  9  11 23 5  12 ]
[ 13 8  14 17 16 18 ]
[ 19 20 15 24 22 30 ]
[ 25 21 32 26 28 0  ]
[ 31 27 34 33 29 35 ]

Step #4:
[ 1  2  10 3  4  6  ]
[ 7  9  11 23 5  12 ]
[ 13 8  14 17 16 18 ]
[ 19 20 15 24 22 0  ]
[ 25 21 32 26 28 30 ]
[ 31 27 34 33 29 35 ]

Step #5:
[ 1  2  10 3  4  6  ]
[ 7  9  11 23 5  12 ]
[ 13 8  14 17 16 18 ]
[ 19 20 15 24 0  22 ]
[ 25 21 32 26 28 30 ]
[ 31 27 34 33 29 35 ]

Step #6:
[ 1  2  10 3  4  6  ]
[ 7  9  11 23 5  12 ]
[ 13 8  14 17 16 18 ]
[ 19 20 15 0  24 22 ]
[ 25 21 32 26 28 30 ]
[ 31 27 34 33 29 35 ]

Step #7:
[ 1  2  10 3  4  6  ]
[ 7  9  11 23 5  12 ]
[ 13 8  14 17 16 18 ]
[ 19 20 15 26 24 22 ]
[ 25 21 32 0  28 30 ]
[ 31 27 34 33 29 35 ]

Step #8:
[ 1  2  10 3  4  6  ]
[ 7  9  11 23 5  12 ]
[ 13 8  14 17 16 18 ]
[ 19 20 15 26 24 22 ]
[ 25 21 32 28 0  30 ]
[ 31 27 34 33 29 35 ]

Step #9:
[ 1  2  10 3  4  6  ]
[ 7  9  11 23 5  12 ]
[ 13 8  14 17 16 18 ]
[ 19 20 15 26 24 22 ]
[ 25 21 32 28 29 30 ]
[ 31 27 34 33 0  35 ]

Step #10:
[ 1  2  10 3  4  6  ]
[ 7  9  11 23 5  12 ]
[ 13 8  14 17 16 18 ]
[ 19 20 15 26 24 22 ]
[ 25 21 32 28 29 30 ]
[ 31 27 34 33 35 0  ]

Step #11:
[ 1  2  10 3  4  6  ]
[ 7  9  11 23 5  12 ]
[ 13 8  14 17 16 18 ]
[ 19 20 15 26 24 22 ]
[ 25 21 32 28 29 0  ]
[ 31 27 34 33 35 30 ]

Step #12:
[ 1  2  10 3  4  6  ]
[ 7  9  11 23 5  12 ]
[ 13 8  14 17 16 18 ]
[ 19 20 15 26 24 0  ]
[ 25 21 32 28 29 22 ]
[ 31 27 34 33 35 30 ]

Step #13:
[ 1  2  10 3  4  6  ]
[ 7  9  11 23 5  12 ]
[ 13 8  14 17 16 18 ]
[ 19 20 15 26 0  24 ]
[ 25 21 32 28 29 22 ]
[ 31 27 34 33 35 30 ]

Step #14:
[ 1  2  10 3  4  6  ]
[ 7  9  11 23 5  12 ]
[ 13 8  14 17 16 18 ]
[ 19 20 15 26 29 24 ]
[ 25 21 32 28 0  22 ]
[ 31 27 34 33 35 30 ]

Step #15:
[ 1  2  10 3  4  6  ]
[ 7  9  11 23 5  12 ]
[ 13 8  14 17 16 18 ]
[ 19 20 15 26 29 24 ]
[ 25 21 32 28 22 0  ]
[ 31 27 34 33 35 30 ]

Step #16:
[ 1  2  10 3  4  6  ]
[ 7  9  11 23 5  12 ]
[ 13 8  14 17 16 18 ]
[ 19 20 15 26 29 24 ]
[ 25 21 32 28 22 30 ]
[ 31 27 34 33 35 0  ]

Step #17:
[ 1  2  10 3  4  6  ]
[ 7  9  11 23 5  12 ]
[ 13 8  14 17 16 18 ]
[ 19 20 15 26 29 24 ]
[ 25 21 32 28 22 30 ]
[ 31 27 34 33 0  35 ]

Step #18:
[ 1  2  10 3  4  6  ]
[ 7  9  11 23 5  12 ]
[ 13 8  14 17 16 18 ]
[ 19 20 15 26 29 24 ]
[ 25 21 32 28 22 30 ]
[ 31 27 34 0  33 35 ]

Step #19:
[ 1  2  10 3  4  6  ]
[ 7  9  11 23 5  12 ]
[ 13 8  14 17 16 18 ]
[ 19 20 15 26 29 24 ]
[ 25 21 32 28 22 30 ]
[ 31 27 0  34 33 35 ]

Step #20:
[ 1  2  10 3  4  6  ]
[ 7  9  11 23 5  12 ]
[ 13 8  14 17 16 18 ]
[ 19 20 15 26 29 24 ]
[ 25 21 0  28 22 30 ]
[ 31 27 32 34 33 35 ]

Step #21:
[ 1  2  10 3  4  6  ]
[ 7  9  11 23 5  12 ]
[ 13 8  14 17 16 18 ]
[ 19 20 15 26 29 24 ]
[ 25 0  21 28 22 30 ]
[ 31 27 32 34 33 35 ]

Step #22:
[ 1  2  10 3  4  6  ]
[ 7  9  11 23 5  12 ]
[ 13 8  14 17 16 18 ]
[ 19 20 15 26 29 24 ]
[ 25 27 21 28 22 30 ]
[ 31 0  32 34 33 35 ]

Step #23:
[ 1  2  10 3  4  6  ]
[ 7  9  11 23 5  12 ]
[ 13 8  14 17 16 18 ]
[ 19 20 15 26 29 24 ]
[ 25 27 21 28 22 30 ]
[ 31 32 0  34 33 35 ]

Step #24:
[ 1  2  10 3  4  6  ]
[ 7  9  11 23 5  12 ]
[ 13 8  14 17 16 18 ]
[ 19 20 15 26 29 24 ]
[ 25 27 21 28 22 30 ]
[ 31 32 34 0  33 35 ]

Step #25:
[ 1  2  10 3  4  6  ]
[ 7  9  11 23 5  12 ]
[ 13 8  14 17 16 18 ]
[ 19 20 15 26 29 24 ]
[ 25 27 21 28 22 30 ]
[ 31 32 34 33 0  35 ]

Step #26:
[ 1  2  10 3  4  6  ]
[ 7  9  11 23 5  12 ]
[ 13 8  14 17 16 18 ]
[ 19 20 15 26 29 24 ]
[ 25 27 21 28 0  30 ]
[ 31 32 34 33 22 35 ]

Step #27:
[ 1  2  10 3  4  6  ]
[ 7  9  11 23 5  12 ]
[ 13 8  14 17 16 18 ]
[ 19 20 15 26 0  24 ]
[ 25 27 21 28 29 30 ]
[ 31 32 34 33 22 35 ]

Step #28:
[ 1  2  10 3  4  6  ]
[ 7  9  11 23 5  12 ]
[ 13 8  14 17 0  18 ]
[ 19 20 15 26 16 24 ]
[ 25 27 21 28 29 30 ]
[ 31 32 34 33 22 35 ]

Step #29:
[ 1  2  10 3  4  6  ]
[ 7  9  11 23 5  12 ]
[ 13 8  14 0  17 18 ]
[ 19 20 15 26 16 24 ]
[ 25 27 21 28 29 30 ]
[ 31 32 34 33 22 35 ]

Step #30:
[ 1  2  10 3  4  6  ]
[ 7  9  11 0  5  12 ]
[ 13 8  14 23 17 18 ]
[ 19 20 15 26 16 24 ]
[ 25 27 21 28 29 30 ]
[ 31 32 34 33 22 35 ]

Step #31:
[ 1  2  10 3  4  6  ]
[ 7  9  0  11 5  12 ]
[ 13 8  14 23 17 18 ]
[ 19 20 15 26 16 24 ]
[ 25 27 21 28 29 30 ]
[ 31 32 34 33 22 35 ]

Step #32:
[ 1  2  10 3  4  6  ]
[ 7  0  9  11 5  12 ]
[ 13 8  14 23 17 18 ]
[ 19 20 15 26 16 24 ]
[ 25 27 21 28 29 30 ]
[ 31 32 34 33 22 35 ]

Step #33:
[ 1  2  10 3  4  6  ]
[ 7  8  9  11 5  12 ]
[ 13 0  14 23 17 18 ]
[ 19 20 15 26 16 24 ]
[ 25 27 21 28 29 30 ]
[ 31 32 34 33 22 35 ]

Step #34:
[ 1  2  10 3  4  6  ]
[ 7  8  9  11 5  12 ]
[ 13 14 0  23 17 18 ]
[ 19 20 15 26 16 24 ]
[ 25 27 21 28 29 30 ]
[ 31 32 34 33 22 35 ]

Step #35:
[ 1  2  10 3  4  6  ]
[ 7  8  9  11 5  12 ]
[ 13 14 15 23 17 18 ]
[ 19 20 0  26 16 24 ]
[ 25 27 21 28 29 30 ]
[ 31 32 34 33 22 35 ]

Step #36:
[ 1  2  10 3  4  6  ]
[ 7  8  9  11 5  12 ]
[ 13 14 15 23 17 18 ]
[ 19 20 26 0  16 24 ]
[ 25 27 21 28 29 30 ]
[ 31 32 34 33 22 35 ]

Step #37:
[ 1  2  10 3  4  6  ]
[ 7  8  9  11 5  12 ]
[ 13 14 15 0  17 18 ]
[ 19 20 26 23 16 24 ]
[ 25 27 21 28 29 30 ]
[ 31 32 34 33 22 35 ]

Step #38:
[ 1  2  10 3  4  6  ]
[ 7  8  9  11 5  12 ]
[ 13 14 15 17 0  18 ]
[ 19 20 26 23 16 24 ]
[ 25 27 21 28 29 30 ]
[ 31 32 34 33 22 35 ]

Step #39:
[ 1  2  10 3  4  6  ]
[ 7  8  9  11 5  12 ]
[ 13 14 15 17 16 18 ]
[ 19 20 26 23 0  24 ]
[ 25 27 21 28 29 30 ]
[ 31 32 34 33 22 35 ]

Step #40:
[ 1  2  10 3  4  6  ]
[ 7  8  9  11 5  12 ]
[ 13 14 15 17 16 18 ]
[ 19 20 26 0  23 24 ]
[ 25 27 21 28 29 30 ]
[ 31 32 34 33 22 35 ]

Step #41:
[ 1  2  10 3  4  6  ]
[ 7  8  9  11 5  12 ]
[ 13 14 15 17 16 18 ]
[ 19 20 0  26 23 24 ]
[ 25 27 21 28 29 30 ]
[ 31 32 34 33 22 35 ]

Step #42:
[ 1  2  10 3  4  6  ]
[ 7  8  9  11 5  12 ]
[ 13 14 15 17 16 18 ]
[ 19 20 21 26 23 24 ]
[ 25 27 0  28 29 30 ]
[ 31 32 34 33 22 35 ]

Step #43:
[ 1  2  10 3  4  6  ]
[ 7  8  9  11 5  12 ]
[ 13 14 15 17 16 18 ]
[ 19 20 21 26 23 24 ]
[ 25 0  27 28 29 30 ]
[ 31 32 34 33 22 35 ]

Step #44:
[ 1  2  10 3  4  6  ]
[ 7  8  9  11 5  12 ]
[ 13 14 15 17 16 18 ]
[ 19 0  21 26 23 24 ]
[ 25 20 27 28 29 30 ]
[ 31 32 34 33 22 35 ]

Step #45:
[ 1  2  10 3  4  6  ]
[ 7  8  9  11 5  12 ]
[ 13 14 15 17 16 18 ]
[ 19 21 0  26 23 24 ]
[ 25 20 27 28 29 30 ]
[ 31 32 34 33 22 35 ]

Step #46:
[ 1  2  10 3  4  6  ]
[ 7  8  9  11 5  12 ]
[ 13 14 15 17 16 18 ]
[ 19 21 26 0  23 24 ]
[ 25 20 27 28 29 30 ]
[ 31 32 34 33 22 35 ]

Step #47:
[ 1  2  10 3  4  6  ]
[ 7  8  9  11 5  12 ]
[ 13 14 15 0  16 18 ]
[ 19 21 26 17 23 24 ]
[ 25 20 27 28 29 30 ]
[ 31 32 34 33 22 35 ]

Step #48:
[ 1  2  10 3  4  6  ]
[ 7  8  9  11 5  12 ]
[ 13 14 15 16 0  18 ]
[ 19 21 26 17 23 24 ]
[ 25 20 27 28 29 30 ]
[ 31 32 34 33 22 35 ]

Step #49:
[ 1  2  10 3  4  6  ]
[ 7  8  9  11 5  12 ]
[ 13 14 15 16 23 18 ]
[ 19 21 26 17 0  24 ]
[ 25 20 27 28 29 30 ]
[ 31 32 34 33 22 35 ]

Step #50:
[ 1  2  10 3  4  6  ]
[ 7  8  9  11 5  12 ]
[ 13 14 15 16 23 18 ]
[ 19 21 26 0  17 24 ]
[ 25 20 27 28 29 30 ]
[ 31 32 34 33 22 35 ]

Step #51:
[ 1  2  10 3  4  6  ]
[ 7  8  9  11 5  12 ]
[ 13 14 15 16 23 18 ]
[ 19 21 0  26 17 24 ]
[ 25 20 27 28 29 30 ]
[ 31 32 34 33 22 35 ]

Step #52:
[ 1  2  10 3  4  6  ]
[ 7  8  9  11 5  12 ]
[ 13 14 15 16 23 18 ]
[ 19 0  21 26 17 24 ]
[ 25 20 27 28 29 30 ]
[ 31 32 34 33 22 35 ]

Step #53:
[ 1  2  10 3  4  6  ]
[ 7  8  9  11 5  12 ]
[ 13 14 15 16 23 18 ]
[ 19 20 21 26 17 24 ]
[ 25 0  27 28 29 30 ]
[ 31 32 34 33 22 35 ]

Step #54:
[ 1  2  10 3  4  6  ]
[ 7  8  9  11 5  12 ]
[ 13 14 15 16 23 18 ]
[ 19 20 21 26 17 24 ]
[ 25 32 27 28 29 30 ]
[ 31 0  34 33 22 35 ]

Step #55:
[ 1  2  10 3  4  6  ]
[ 7  8  9  11 5  12 ]
[ 13 14 15 16 23 18 ]
[ 19 20 21 26 17 24 ]
[ 25 32 27 28 29 30 ]
[ 31 34 0  33 22 35 ]

Step #56:
[ 1  2  10 3  4  6  ]
[ 7  8  9  11 5  12 ]
[ 13 14 15 16 23 18 ]
[ 19 20 21 26 17 24 ]
[ 25 32 27 28 29 30 ]
[ 31 34 33 0  22 35 ]

Step #57:
[ 1  2  10 3  4  6  ]
[ 7  8  9  11 5  12 ]
[ 13 14 15 16 23 18 ]
[ 19 20 21 26 17 24 ]
[ 25 32 27 28 29 30 ]
[ 31 34 33 22 0  35 ]

Step #58:
[ 1  2  10 3  4  6  ]
[ 7  8  9  11 5  12 ]
[ 13 14 15 16 23 18 ]
[ 19 20 21 26 17 24 ]
[ 25 32 27 28 0  30 ]
[ 31 34 33 22 29 35 ]

Step #59:
[ 1  2  10 3  4  6  ]
[ 7  8  9  11 5  12 ]
[ 13 14 15 16 23 18 ]
[ 19 20 21 26 17 24 ]
[ 25 32 27 0  28 30 ]
[ 31 34 33 22 29 35 ]

Step #60:
[ 1  2  10 3  4  6  ]
[ 7  8  9  11 5  12 ]
[ 13 14 15 16 23 18 ]
[ 19 20 21 0  17 24 ]
[ 25 32 27 26 28 30 ]
[ 31 34 33 22 29 35 ]

Step #61:
[ 1  2  10 3  4  6  ]
[ 7  8  9  11 5  12 ]
[ 13 14 15 16 23 18 ]
[ 19 20 21 17 0  24 ]
[ 25 32 27 26 28 30 ]
[ 31 34 33 22 29 35 ]

Step #62:
[ 1  2  10 3  4  6  ]
[ 7  8  9  11 5  12 ]
[ 13 14 15 16 0  18 ]
[ 19 20 21 17 23 24 ]
[ 25 32 27 26 28 30 ]
[ 31 34 33 22 29 35 ]

Step #63:
[ 1  2  10 3  4  6  ]
[ 7  8  9  11 5  12 ]
[ 13 14 15 0  16 18 ]
[ 19 20 21 17 23 24 ]
[ 25 32 27 26 28 30 ]
[ 31 34 33 22 29 35 ]

Step #64:
[ 1  2  10 3  4  6  ]
[ 7  8  9  11 5  12 ]
[ 13 14 15 17 16 18 ]
[ 19 20 21 0  23 24 ]
[ 25 32 27 26 28 30 ]
[ 31 34 33 22 29 35 ]

Step #65:
[ 1  2  10 3  4  6  ]
[ 7  8  9  11 5  12 ]
[ 13 14 15 17 16 18 ]
[ 19 20 21 26 23 24 ]
[ 25 32 27 0  28 30 ]
[ 31 34 33 22 29 35 ]

Step #66:
[ 1  2  10 3  4  6  ]
[ 7  8  9  11 5  12 ]
[ 13 14 15 17 16 18 ]
[ 19 20 21 26 23 24 ]
[ 25 32 27 22 28 30 ]
[ 31 34 33 0  29 35 ]

Step #67:
[ 1  2  10 3  4  6  ]
[ 7  8  9  11 5  12 ]
[ 13 14 15 17 16 18 ]
[ 19 20 21 26 23 24 ]
[ 25 32 27 22 28 30 ]
[ 31 34 0  33 29 35 ]

Step #68:
[ 1  2  10 3  4  6  ]
[ 7  8  9  11 5  12 ]
[ 13 14 15 17 16 18 ]
[ 19 20 21 26 23 24 ]
[ 25 32 27 22 28 30 ]
[ 31 0  34 33 29 35 ]

Step #69:
[ 1  2  10 3  4  6  ]
[ 7  8  9  11 5  12 ]
[ 13 14 15 17 16 18 ]
[ 19 20 21 26 23 24 ]
[ 25 0  27 22 28 30 ]
[ 31 32 34 33 29 35 ]

Step #70:
[ 1  2  10 3  4  6  ]
[ 7  8  9  11 5  12 ]
[ 13 14 15 17 16 18 ]
[ 19 0  21 26 23 24 ]
[ 25 20 27 22 28 30 ]
[ 31 32 34 33 29 35 ]

Step #71:
[ 1  2  10 3  4  6  ]
[ 7  8  9  11 5  12 ]
[ 13 14 15 17 16 18 ]
[ 19 21 0  26 23 24 ]
[ 25 20 27 22 28 30 ]
[ 31 32 34 33 29 35 ]

Step #72:
[ 1  2  10 3  4  6  ]
[ 7  8  9  11 5  12 ]
[ 13 14 15 17 16 18 ]
[ 19 21 26 0  23 24 ]
[ 25 20 27 22 28 30 ]
[ 31 32 34 33 29 35 ]

Step #73:
[ 1  2  10 3  4  6  ]
[ 7  8  9  11 5  12 ]
[ 13 14 15 17 16 18 ]
[ 19 21 26 22 23 24 ]
[ 25 20 27 0  28 30 ]
[ 31 32 34 33 29 35 ]

Step #74:
[ 1  2  10 3  4  6  ]
[ 7  8  9  11 5  12 ]
[ 13 14 15 17 16 18 ]
[ 19 21 26 22 23 24 ]
[ 25 20 27 28 0  30 ]
[ 31 32 34 33 29 35 ]

Step #75:
[ 1  2  10 3  4  6  ]
[ 7  8  9  11 5  12 ]
[ 13 14 15 17 16 18 ]
[ 19 21 26 22 23 24 ]
[ 25 20 27 28 29 30 ]
[ 31 32 34 33 0  35 ]

Step #76:
[ 1  2  10 3  4  6  ]
[ 7  8  9  11 5  12 ]
[ 13 14 15 17 16 18 ]
[ 19 21 26 22 23 24 ]
[ 25 20 27 28 29 30 ]
[ 31 32 34 0  33 35 ]

Step #77:
[ 1  2  10 3  4  6  ]
[ 7  8  9  11 5  12 ]
[ 13 14 15 17 16 18 ]
[ 19 21 26 22 23 24 ]
[ 25 20 27 28 29 30 ]
[ 31 32 0  34 33 35 ]

Step #78:
[ 1  2  10 3  4  6  ]
[ 7  8  9  11 5  12 ]
[ 13 14 15 17 16 18 ]
[ 19 21 26 22 23 24 ]
[ 25 20 0  28 29 30 ]
[ 31 32 27 34 33 35 ]

Step #79:
[ 1  2  10 3  4  6  ]
[ 7  8  9  11 5  12 ]
[ 13 14 15 17 16 18 ]
[ 19 21 0  22 23 24 ]
[ 25 20 26 28 29 30 ]
[ 31 32 27 34 33 35 ]

Step #80:
[ 1  2  10 3  4  6  ]
[ 7  8  9  11 5  12 ]
[ 13 14 15 17 16 18 ]
[ 19 0  21 22 23 24 ]
[ 25 20 26 28 29 30 ]
[ 31 32 27 34 33 35 ]

Step #81:
[ 1  2  10 3  4  6  ]
[ 7  8  9  11 5  12 ]
[ 13 14 15 17 16 18 ]
[ 19 20 21 22 23 24 ]
[ 25 0  26 28 29 30 ]
[ 31 32 27 34 33 35 ]

Step #82:
[ 1  2  10 3  4  6  ]
[ 7  8  9  11 5  12 ]
[ 13 14 15 17 16 18 ]
[ 19 20 21 22 23 24 ]
[ 25 26 0  28 29 30 ]
[ 31 32 27 34 33 35 ]

Step #83:
[ 1  2  10 3  4  6  ]
[ 7  8  9  11 5  12 ]
[ 13 14 15 17 16 18 ]
[ 19 20 21 22 23 24 ]
[ 25 26 27 28 29 30 ]
[ 31 32 0  34 33 35 ]

Step #84:
[ 1  2  10 3  4  6  ]
[ 7  8  9  11 5  12 ]
[ 13 14 15 17 16 18 ]
[ 19 20 21 22 23 24 ]
[ 25 26 27 28 29 30 ]
[ 31 32 34 0  33 35 ]

Step #85:
[ 1  2  10 3  4  6  ]
[ 7  8  9  11 5  12 ]
[ 13 14 15 17 16 18 ]
[ 19 20 21 22 23 24 ]
[ 25 26 27 28 29 30 ]
[ 31 32 34 33 0  35 ]

Step #86:
[ 1  2  10 3  4  6  ]
[ 7  8  9  11 5  12 ]
[ 13 14 15 17 16 18 ]
[ 19 20 21 22 23 24 ]
[ 25 26 27 28 0  30 ]
[ 31 32 34 33 29 35 ]

Step #87:
[ 1  2  10 3  4  6  ]
[ 7  8  9  11 5  12 ]
[ 13 14 15 17 16 18 ]
[ 19 20 21 22 0  24 ]
[ 25 26 27 28 23 30 ]
[ 31 32 34 33 29 35 ]

Step #88:
[ 1  2  10 3  4  6  ]
[ 7  8  9  11 5  12 ]
[ 13 14 15 17 0  18 ]
[ 19 20 21 22 16 24 ]
[ 25 26 27 28 23 30 ]
[ 31 32 34 33 29 35 ]

Step #89:
[ 1  2  10 3  4  6  ]
[ 7  8  9  11 5  12 ]
[ 13 14 15 0  17 18 ]
[ 19 20 21 22 16 24 ]
[ 25 26 27 28 23 30 ]
[ 31 32 34 33 29 35 ]

Step #90:
[ 1  2  10 3  4  6  ]
[ 7  8  9  11 5  12 ]
[ 13 14 15 22 17 18 ]
[ 19 20 21 0  16 24 ]
[ 25 26 27 28 23 30 ]
[ 31 32 34 33 29 35 ]

Step #91:
[ 1  2  10 3  4  6  ]
[ 7  8  9  11 5  12 ]
[ 13 14 15 22 17 18 ]
[ 19 20 21 16 0  24 ]
[ 25 26 27 28 23 30 ]
[ 31 32 34 33 29 35 ]

Step #92:
[ 1  2  10 3  4  6  ]
[ 7  8  9  11 5  12 ]
[ 13 14 15 22 17 18 ]
[ 19 20 21 16 23 24 ]
[ 25 26 27 28 0  30 ]
[ 31 32 34 33 29 35 ]

Step #93:
[ 1  2  10 3  4  6  ]
[ 7  8  9  11 5  12 ]
[ 13 14 15 22 17 18 ]
[ 19 20 21 16 23 24 ]
[ 25 26 27 28 29 30 ]
[ 31 32 34 33 0  35 ]

Step #94:
[ 1  2  10 3  4  6  ]
[ 7  8  9  11 5  12 ]
[ 13 14 15 22 17 18 ]
[ 19 20 21 16 23 24 ]
[ 25 26 27 28 29 30 ]
[ 31 32 34 33 35 0  ]

Step #95:
[ 1  2  10 3  4  6  ]
[ 7  8  9  11 5  12 ]
[ 13 14 15 22 17 18 ]
[ 19 20 21 16 23 24 ]
[ 25 26 27 28 29 0  ]
[ 31 32 34 33 35 30 ]

Step #96:
[ 1  2  10 3  4  6  ]
[ 7  8  9  11 5  12 ]
[ 13 14 15 22 17 18 ]
[ 19 20 21 16 23 24 ]
[ 25 26 27 28 0  29 ]
[ 31 32 34 33 35 30 ]

Step #97:
[ 1  2  10 3  4  6  ]
[ 7  8  9  11 5  12 ]
[ 13 14 15 22 17 18 ]
[ 19 20 21 16 23 24 ]
[ 25 26 27 0  28 29 ]
[ 31 32 34 33 35 30 ]

Step #98:
[ 1  2  10 3  4  6  ]
[ 7  8  9  11 5  12 ]
[ 13 14 15 22 17 18 ]
[ 19 20 21 16 23 24 ]
[ 25 26 27 33 28 29 ]
[ 31 32 34 0  35 30 ]

Step #99:
[ 1  2  10 3  4  6  ]
[ 7  8  9  11 5  12 ]
[ 13 14 15 22 17 18 ]
[ 19 20 21 16 23 24 ]
[ 25 26 27 33 28 29 ]
[ 31 32 0  34 35 30 ]

Step #100:
[ 1  2  10 3  4  6  ]
[ 7  8  9  11 5  12 ]
[ 13 14 15 22 17 18 ]
[ 19 20 21 16 23 24 ]
[ 25 26 0  33 28 29 ]
[ 31 32 27 34 35 30 ]

Step #101:
[ 1  2  10 3  4  6  ]
[ 7  8  9  11 5  12 ]
[ 13 14 15 22 17 18 ]
[ 19 20 21 16 23 24 ]
[ 25 26 33 0  28 29 ]
[ 31 32 27 34 35 30 ]

Step #102:
[ 1  2  10 3  4  6  ]
[ 7  8  9  11 5  12 ]
[ 13 14 15 22 17 18 ]
[ 19 20 21 16 23 24 ]
[ 25 26 33 28 0  29 ]
[ 31 32 27 34 35 30 ]

Step #103:
[ 1  2  10 3  4  6  ]
[ 7  8  9  11 5  12 ]
[ 13 14 15 22 17 18 ]
[ 19 20 21 16 23 24 ]
[ 25 26 33 28 29 0  ]
[ 31 32 27 34 35 30 ]

Step #104:
[ 1  2  10 3  4  6  ]
[ 7  8  9  11 5  12 ]
[ 13 14 15 22 17 18 ]
[ 19 20 21 16 23 24 ]
[ 25 26 33 28 29 30 ]
[ 31 32 27 34 35 0  ]

Step #105:
[ 1  2  10 3  4  6  ]
[ 7  8  9  11 5  12 ]
[ 13 14 15 22 17 18 ]
[ 19 20 21 16 23 24 ]
[ 25 26 33 28 29 30 ]
[ 31 32 27 34 0  35 ]

Step #106:
[ 1  2  10 3  4  6  ]
[ 7  8  9  11 5  12 ]
[ 13 14 15 22 17 18 ]
[ 19 20 21 16 23 24 ]
[ 25 26 33 28 29 30 ]
[ 31 32 27 0  34 35 ]

Step #107:
[ 1  2  10 3  4  6  ]
[ 7  8  9  11 5  12 ]
[ 13 14 15 22 17 18 ]
[ 19 20 21 16 23 24 ]
[ 25 26 33 28 29 30 ]
[ 31 32 0  27 34 35 ]

Step #108:
[ 1  2  10 3  4  6  ]
[ 7  8  9  11 5  12 ]
[ 13 14 15 22 17 18 ]
[ 19 20 21 16 23 24 ]
[ 25 26 0  28 29 30 ]
[ 31 32 33 27 34 35 ]

Step #109:
[ 1  2  10 3  4  6  ]
[ 7  8  9  11 5  12 ]
[ 13 14 15 22 17 18 ]
[ 19 20 21 16 23 24 ]
[ 25 26 28 0  29 30 ]
[ 31 32 33 27 34 35 ]

Step #110:
[ 1  2  10 3  4  6  ]
[ 7  8  9  11 5  12 ]
[ 13 14 15 22 17 18 ]
[ 19 20 21 16 23 24 ]
[ 25 26 28 27 29 30 ]
[ 31 32 33 0  34 35 ]

Step #111:
[ 1  2  10 3  4  6  ]
[ 7  8  9  11 5  12 ]
[ 13 14 15 22 17 18 ]
[ 19 20 21 16 23 24 ]
[ 25 26 28 27 29 30 ]
[ 31 32 0  33 34 35 ]

Step #112:
[ 1  2  10 3  4  6  ]
[ 7  8  9  11 5  12 ]
[ 13 14 15 22 17 18 ]
[ 19 20 21 16 23 24 ]
[ 25 26 0  27 29 30 ]
[ 31 32 28 33 34 35 ]

Step #113:
[ 1  2  10 3  4  6  ]
[ 7  8  9  11 5  12 ]
[ 13 14 15 22 17 18 ]
[ 19 20 21 16 23 24 ]
[ 25 26 27 0  29 30 ]
[ 31 32 28 33 34 35 ]

Step #114:
[ 1  2  10 3  4  6  ]
[ 7  8  9  11 5  12 ]
[ 13 14 15 22 17 18 ]
[ 19 20 21 0  23 24 ]
[ 25 26 27 16 29 30 ]
[ 31 32 28 33 34 35 ]

Step #115:
[ 1  2  10 3  4  6  ]
[ 7  8  9  11 5  12 ]
[ 13 14 15 0  17 18 ]
[ 19 20 21 22 23 24 ]
[ 25 26 27 16 29 30 ]
[ 31 32 28 33 34 35 ]

Step #116:
[ 1  2  10 3  4  6  ]
[ 7  8  9  11 5  12 ]
[ 13 14 15 17 0  18 ]
[ 19 20 21 22 23 24 ]
[ 25 26 27 16 29 30 ]
[ 31 32 28 33 34 35 ]

Step #117:
[ 1  2  10 3  4  6  ]
[ 7  8  9  11 0  12 ]
[ 13 14 15 17 5  18 ]
[ 19 20 21 22 23 24 ]
[ 25 26 27 16 29 30 ]
[ 31 32 28 33 34 35 ]

Step #118:
[ 1  2  10 3  4  6  ]
[ 7  8  9  0  11 12 ]
[ 13 14 15 17 5  18 ]
[ 19 20 21 22 23 24 ]
[ 25 26 27 16 29 30 ]
[ 31 32 28 33 34 35 ]

Step #119:
[ 1  2  10 3  4  6  ]
[ 7  8  0  9  11 12 ]
[ 13 14 15 17 5  18 ]
[ 19 20 21 22 23 24 ]
[ 25 26 27 16 29 30 ]
[ 31 32 28 33 34 35 ]

Step #120:
[ 1  2  0  3  4  6  ]
[ 7  8  10 9  11 12 ]
[ 13 14 15 17 5  18 ]
[ 19 20 21 22 23 24 ]
[ 25 26 27 16 29 30 ]
[ 31 32 28 33 34 35 ]

Step #121:
[ 1  2  3  0  4  6  ]
[ 7  8  10 9  11 12 ]
[ 13 14 15 17 5  18 ]
[ 19 20 21 22 23 24 ]
[ 25 26 27 16 29 30 ]
[ 31 32 28 33 34 35 ]

Step #122:
[ 1  2  3  4  0  6  ]
[ 7  8  10 9  11 12 ]
[ 13 14 15 17 5  18 ]
[ 19 20 21 22 23 24 ]
[ 25 26 27 16 29 30 ]
[ 31 32 28 33 34 35 ]

Step #123:
[ 1  2  3  4  11 6  ]
[ 7  8  10 9  0  12 ]
[ 13 14 15 17 5  18 ]
[ 19 20 21 22 23 24 ]
[ 25 26 27 16 29 30 ]
[ 31 32 28 33 34 35 ]

Step #124:
[ 1  2  3  4  11 6  ]
[ 7  8  10 9  5  12 ]
[ 13 14 15 17 0  18 ]
[ 19 20 21 22 23 24 ]
[ 25 26 27 16 29 30 ]
[ 31 32 28 33 34 35 ]

Step #125:
[ 1  2  3  4  11 6  ]
[ 7  8  10 9  5  12 ]
[ 13 14 15 0  17 18 ]
[ 19 20 21 22 23 24 ]
[ 25 26 27 16 29 30 ]
[ 31 32 28 33 34 35 ]

Step #126:
[ 1  2  3  4  11 6  ]
[ 7  8  10 9  5  12 ]
[ 13 14 15 22 17 18 ]
[ 19 20 21 0  23 24 ]
[ 25 26 27 16 29 30 ]
[ 31 32 28 33 34 35 ]

Step #127:
[ 1  2  3  4  11 6  ]
[ 7  8  10 9  5  12 ]
[ 13 14 15 22 17 18 ]
[ 19 20 21 16 23 24 ]
[ 25 26 27 0  29 30 ]
[ 31 32 28 33 34 35 ]

Step #128:
[ 1  2  3  4  11 6  ]
[ 7  8  10 9  5  12 ]
[ 13 14 15 22 17 18 ]
[ 19 20 21 16 23 24 ]
[ 25 26 0  27 29 30 ]
[ 31 32 28 33 34 35 ]

Step #129:
[ 1  2  3  4  11 6  ]
[ 7  8  10 9  5  12 ]
[ 13 14 15 22 17 18 ]
[ 19 20 21 16 23 24 ]
[ 25 26 28 27 29 30 ]
[ 31 32 0  33 34 35 ]

Step #130:
[ 1  2  3  4  11 6  ]
[ 7  8  10 9  5  12 ]
[ 13 14 15 22 17 18 ]
[ 19 20 21 16 23 24 ]
[ 25 26 28 27 29 30 ]
[ 31 32 33 0  34 35 ]

Step #131:
[ 1  2  3  4  11 6  ]
[ 7  8  10 9  5  12 ]
[ 13 14 15 22 17 18 ]
[ 19 20 21 16 23 24 ]
[ 25 26 28 0  29 30 ]
[ 31 32 33 27 34 35 ]

Step #132:
[ 1  2  3  4  11 6  ]
[ 7  8  10 9  5  12 ]
[ 13 14 15 22 17 18 ]
[ 19 20 21 16 23 24 ]
[ 25 26 0  28 29 30 ]
[ 31 32 33 27 34 35 ]

Step #133:
[ 1  2  3  4  11 6  ]
[ 7  8  10 9  5  12 ]
[ 13 14 15 22 17 18 ]
[ 19 20 21 16 23 24 ]
[ 25 26 33 28 29 30 ]
[ 31 32 0  27 34 35 ]

Step #134:
[ 1  2  3  4  11 6  ]
[ 7  8  10 9  5  12 ]
[ 13 14 15 22 17 18 ]
[ 19 20 21 16 23 24 ]
[ 25 26 33 28 29 30 ]
[ 31 32 27 0  34 35 ]

Step #135:
[ 1  2  3  4  11 6  ]
[ 7  8  10 9  5  12 ]
[ 13 14 15 22 17 18 ]
[ 19 20 21 16 23 24 ]
[ 25 26 33 28 29 30 ]
[ 31 32 27 34 0  35 ]

Step #136:
[ 1  2  3  4  11 6  ]
[ 7  8  10 9  5  12 ]
[ 13 14 15 22 17 18 ]
[ 19 20 21 16 23 24 ]
[ 25 26 33 28 0  30 ]
[ 31 32 27 34 29 35 ]

Step #137:
[ 1  2  3  4  11 6  ]
[ 7  8  10 9  5  12 ]
[ 13 14 15 22 17 18 ]
[ 19 20 21 16 23 24 ]
[ 25 26 33 0  28 30 ]
[ 31 32 27 34 29 35 ]

Step #138:
[ 1  2  3  4  11 6  ]
[ 7  8  10 9  5  12 ]
[ 13 14 15 22 17 18 ]
[ 19 20 21 16 23 24 ]
[ 25 26 0  33 28 30 ]
[ 31 32 27 34 29 35 ]

Step #139:
[ 1  2  3  4  11 6  ]
[ 7  8  10 9  5  12 ]
[ 13 14 15 22 17 18 ]
[ 19 20 21 16 23 24 ]
[ 25 26 27 33 28 30 ]
[ 31 32 0  34 29 35 ]

Step #140:
[ 1  2  3  4  11 6  ]
[ 7  8  10 9  5  12 ]
[ 13 14 15 22 17 18 ]
[ 19 20 21 16 23 24 ]
[ 25 26 27 33 28 30 ]
[ 31 32 34 0  29 35 ]

Step #141:
[ 1  2  3  4  11 6  ]
[ 7  8  10 9  5  12 ]
[ 13 14 15 22 17 18 ]
[ 19 20 21 16 23 24 ]
[ 25 26 27 0  28 30 ]
[ 31 32 34 33 29 35 ]

Step #142:
[ 1  2  3  4  11 6  ]
[ 7  8  10 9  5  12 ]
[ 13 14 15 22 17 18 ]
[ 19 20 21 0  23 24 ]
[ 25 26 27 16 28 30 ]
[ 31 32 34 33 29 35 ]

Step #143:
[ 1  2  3  4  11 6  ]
[ 7  8  10 9  5  12 ]
[ 13 14 15 0  17 18 ]
[ 19 20 21 22 23 24 ]
[ 25 26 27 16 28 30 ]
[ 31 32 34 33 29 35 ]

Step #144:
[ 1  2  3  4  11 6  ]
[ 7  8  10 0  5  12 ]
[ 13 14 15 9  17 18 ]
[ 19 20 21 22 23 24 ]
[ 25 26 27 16 28 30 ]
[ 31 32 34 33 29 35 ]

Step #145:
[ 1  2  3  4  11 6  ]
[ 7  8  0  10 5  12 ]
[ 13 14 15 9  17 18 ]
[ 19 20 21 22 23 24 ]
[ 25 26 27 16 28 30 ]
[ 31 32 34 33 29 35 ]

Step #146:
[ 1  2  3  4  11 6  ]
[ 7  8  15 10 5  12 ]
[ 13 14 0  9  17 18 ]
[ 19 20 21 22 23 24 ]
[ 25 26 27 16 28 30 ]
[ 31 32 34 33 29 35 ]

Step #147:
[ 1  2  3  4  11 6  ]
[ 7  8  15 10 5  12 ]
[ 13 14 9  0  17 18 ]
[ 19 20 21 22 23 24 ]
[ 25 26 27 16 28 30 ]
[ 31 32 34 33 29 35 ]

Step #148:
[ 1  2  3  4  11 6  ]
[ 7  8  15 10 5  12 ]
[ 13 14 9  22 17 18 ]
[ 19 20 21 0  23 24 ]
[ 25 26 27 16 28 30 ]
[ 31 32 34 33 29 35 ]

Step #149:
[ 1  2  3  4  11 6  ]
[ 7  8  15 10 5  12 ]
[ 13 14 9  22 17 18 ]
[ 19 20 21 16 23 24 ]
[ 25 26 27 0  28 30 ]
[ 31 32 34 33 29 35 ]

Step #150:
[ 1  2  3  4  11 6  ]
[ 7  8  15 10 5  12 ]
[ 13 14 9  22 17 18 ]
[ 19 20 21 16 23 24 ]
[ 25 26 27 28 0  30 ]
[ 31 32 34 33 29 35 ]

Step #151:
[ 1  2  3  4  11 6  ]
[ 7  8  15 10 5  12 ]
[ 13 14 9  22 17 18 ]
[ 19 20 21 16 23 24 ]
[ 25 26 27 28 29 30 ]
[ 31 32 34 33 0  35 ]

Step #152:
[ 1  2  3  4  11 6  ]
[ 7  8  15 10 5  12 ]
[ 13 14 9  22 17 18 ]
[ 19 20 21 16 23 24 ]
[ 25 26 27 28 29 30 ]
[ 31 32 34 0  33 35 ]

Step #153:
[ 1  2  3  4  11 6  ]
[ 7  8  15 10 5  12 ]
[ 13 14 9  22 17 18 ]
[ 19 20 21 16 23 24 ]
[ 25 26 27 28 29 30 ]
[ 31 32 0  34 33 35 ]

Step #154:
[ 1  2  3  4  11 6  ]
[ 7  8  15 10 5  12 ]
[ 13 14 9  22 17 18 ]
[ 19 20 21 16 23 24 ]
[ 25 26 0  28 29 30 ]
[ 31 32 27 34 33 35 ]

Step #155:
[ 1  2  3  4  11 6  ]
[ 7  8  15 10 5  12 ]
[ 13 14 9  22 17 18 ]
[ 19 20 21 16 23 24 ]
[ 25 26 28 0  29 30 ]
[ 31 32 27 34 33 35 ]

Step #156:
[ 1  2  3  4  11 6  ]
[ 7  8  15 10 5  12 ]
[ 13 14 9  22 17 18 ]
[ 19 20 21 16 23 24 ]
[ 25 26 28 34 29 30 ]
[ 31 32 27 0  33 35 ]

Step #157:
[ 1  2  3  4  11 6  ]
[ 7  8  15 10 5  12 ]
[ 13 14 9  22 17 18 ]
[ 19 20 21 16 23 24 ]
[ 25 26 28 34 29 30 ]
[ 31 32 27 33 0  35 ]

Step #158:
[ 1  2  3  4  11 6  ]
[ 7  8  15 10 5  12 ]
[ 13 14 9  22 17 18 ]
[ 19 20 21 16 23 24 ]
[ 25 26 28 34 29 30 ]
[ 31 32 27 33 35 0  ]

Step #159:
[ 1  2  3  4  11 6  ]
[ 7  8  15 10 5  12 ]
[ 13 14 9  22 17 18 ]
[ 19 20 21 16 23 24 ]
[ 25 26 28 34 29 0  ]
[ 31 32 27 33 35 30 ]

Step #160:
[ 1  2  3  4  11 6  ]
[ 7  8  15 10 5  12 ]
[ 13 14 9  22 17 18 ]
[ 19 20 21 16 23 24 ]
[ 25 26 28 34 0  29 ]
[ 31 32 27 33 35 30 ]

Step #161:
[ 1  2  3  4  11 6  ]
[ 7  8  15 10 5  12 ]
[ 13 14 9  22 17 18 ]
[ 19 20 21 16 23 24 ]
[ 25 26 28 0  34 29 ]
[ 31 32 27 33 35 30 ]

Step #162:
[ 1  2  3  4  11 6  ]
[ 7  8  15 10 5  12 ]
[ 13 14 9  22 17 18 ]
[ 19 20 21 16 23 24 ]
[ 25 26 0  28 34 29 ]
[ 31 32 27 33 35 30 ]

Step #163:
[ 1  2  3  4  11 6  ]
[ 7  8  15 10 5  12 ]
[ 13 14 9  22 17 18 ]
[ 19 20 21 16 23 24 ]
[ 25 26 27 28 34 29 ]
[ 31 32 0  33 35 30 ]

Step #164:
[ 1  2  3  4  11 6  ]
[ 7  8  15 10 5  12 ]
[ 13 14 9  22 17 18 ]
[ 19 20 21 16 23 24 ]
[ 25 26 27 28 34 29 ]
[ 31 32 33 0  35 30 ]

Step #165:
[ 1  2  3  4  11 6  ]
[ 7  8  15 10 5  12 ]
[ 13 14 9  22 17 18 ]
[ 19 20 21 16 23 24 ]
[ 25 26 27 28 34 29 ]
[ 31 32 33 35 0  30 ]

Step #166:
[ 1  2  3  4  11 6  ]
[ 7  8  15 10 5  12 ]
[ 13 14 9  22 17 18 ]
[ 19 20 21 16 23 24 ]
[ 25 26 27 28 0  29 ]
[ 31 32 33 35 34 30 ]

Step #167:
[ 1  2  3  4  11 6  ]
[ 7  8  15 10 5  12 ]
[ 13 14 9  22 17 18 ]
[ 19 20 21 16 23 24 ]
[ 25 26 27 28 29 0  ]
[ 31 32 33 35 34 30 ]

Step #168:
[ 1  2  3  4  11 6  ]
[ 7  8  15 10 5  12 ]
[ 13 14 9  22 17 18 ]
[ 19 20 21 16 23 24 ]
[ 25 26 27 28 29 30 ]
[ 31 32 33 35 34 0  ]

Step #169:
[ 1  2  3  4  11 6  ]
[ 7  8  15 10 5  12 ]
[ 13 14 9  22 17 18 ]
[ 19 20 21 16 23 24 ]
[ 25 26 27 28 29 30 ]
[ 31 32 33 35 0  34 ]

Step #170:
[ 1  2  3  4  11 6  ]
[ 7  8  15 10 5  12 ]
[ 13 14 9  22 17 18 ]
[ 19 20 21 16 23 24 ]
[ 25 26 27 28 29 30 ]
[ 31 32 33 0  35 34 ]

Step #171:
[ 1  2  3  4  11 6  ]
[ 7  8  15 10 5  12 ]
[ 13 14 9  22 17 18 ]
[ 19 20 21 16 23 24 ]
[ 25 26 27 0  29 30 ]
[ 31 32 33 28 35 34 ]

Step #172:
[ 1  2  3  4  11 6  ]
[ 7  8  15 10 5  12 ]
[ 13 14 9  22 17 18 ]
[ 19 20 21 0  23 24 ]
[ 25 26 27 16 29 30 ]
[ 31 32 33 28 35 34 ]

Step #173:
[ 1  2  3  4  11 6  ]
[ 7  8  15 10 5  12 ]
[ 13 14 9  0  17 18 ]
[ 19 20 21 22 23 24 ]
[ 25 26 27 16 29 30 ]
[ 31 32 33 28 35 34 ]

Step #174:
[ 1  2  3  4  11 6  ]
[ 7  8  15 10 5  12 ]
[ 13 14 0  9  17 18 ]
[ 19 20 21 22 23 24 ]
[ 25 26 27 16 29 30 ]
[ 31 32 33 28 35 34 ]

Step #175:
[ 1  2  3  4  11 6  ]
[ 7  8  0  10 5  12 ]
[ 13 14 15 9  17 18 ]
[ 19 20 21 22 23 24 ]
[ 25 26 27 16 29 30 ]
[ 31 32 33 28 35 34 ]

Step #176:
[ 1  2  3  4  11 6  ]
[ 7  8  10 0  5  12 ]
[ 13 14 15 9  17 18 ]
[ 19 20 21 22 23 24 ]
[ 25 26 27 16 29 30 ]
[ 31 32 33 28 35 34 ]

Step #177:
[ 1  2  3  4  11 6  ]
[ 7  8  10 5  0  12 ]
[ 13 14 15 9  17 18 ]
[ 19 20 21 22 23 24 ]
[ 25 26 27 16 29 30 ]
[ 31 32 33 28 35 34 ]

Step #178:
[ 1  2  3  4  0  6  ]
[ 7  8  10 5  11 12 ]
[ 13 14 15 9  17 18 ]
[ 19 20 21 22 23 24 ]
[ 25 26 27 16 29 30 ]
[ 31 32 33 28 35 34 ]

Step #179:
[ 1  2  3  0  4  6  ]
[ 7  8  10 5  11 12 ]
[ 13 14 15 9  17 18 ]
[ 19 20 21 22 23 24 ]
[ 25 26 27 16 29 30 ]
[ 31 32 33 28 35 34 ]

Step #180:
[ 1  2  3  5  4  6  ]
[ 7  8  10 0  11 12 ]
[ 13 14 15 9  17 18 ]
[ 19 20 21 22 23 24 ]
[ 25 26 27 16 29 30 ]
[ 31 32 33 28 35 34 ]

Step #181:
[ 1  2  3  5  4  6  ]
[ 7  8  10 9  11 12 ]
[ 13 14 15 0  17 18 ]
[ 19 20 21 22 23 24 ]
[ 25 26 27 16 29 30 ]
[ 31 32 33 28 35 34 ]

Step #182:
[ 1  2  3  5  4  6  ]
[ 7  8  10 9  11 12 ]
[ 13 14 15 22 17 18 ]
[ 19 20 21 0  23 24 ]
[ 25 26 27 16 29 30 ]
[ 31 32 33 28 35 34 ]

Step #183:
[ 1  2  3  5  4  6  ]
[ 7  8  10 9  11 12 ]
[ 13 14 15 22 17 18 ]
[ 19 20 21 16 23 24 ]
[ 25 26 27 0  29 30 ]
[ 31 32 33 28 35 34 ]

Step #184:
[ 1  2  3  5  4  6  ]
[ 7  8  10 9  11 12 ]
[ 13 14 15 22 17 18 ]
[ 19 20 21 16 23 24 ]
[ 25 26 27 29 0  30 ]
[ 31 32 33 28 35 34 ]

Step #185:
[ 1  2  3  5  4  6  ]
[ 7  8  10 9  11 12 ]
[ 13 14 15 22 17 18 ]
[ 19 20 21 16 23 24 ]
[ 25 26 27 29 35 30 ]
[ 31 32 33 28 0  34 ]

Step #186:
[ 1  2  3  5  4  6  ]
[ 7  8  10 9  11 12 ]
[ 13 14 15 22 17 18 ]
[ 19 20 21 16 23 24 ]
[ 25 26 27 29 35 30 ]
[ 31 32 33 28 34 0  ]

Step #187:
[ 1  2  3  5  4  6  ]
[ 7  8  10 9  11 12 ]
[ 13 14 15 22 17 18 ]
[ 19 20 21 16 23 24 ]
[ 25 26 27 29 35 0  ]
[ 31 32 33 28 34 30 ]

Step #188:
[ 1  2  3  5  4  6  ]
[ 7  8  10 9  11 12 ]
[ 13 14 15 22 17 18 ]
[ 19 20 21 16 23 24 ]
[ 25 26 27 29 0  35 ]
[ 31 32 33 28 34 30 ]

Step #189:
[ 1  2  3  5  4  6  ]
[ 7  8  10 9  11 12 ]
[ 13 14 15 22 17 18 ]
[ 19 20 21 16 23 24 ]
[ 25 26 27 0  29 35 ]
[ 31 32 33 28 34 30 ]

Step #190:
[ 1  2  3  5  4  6  ]
[ 7  8  10 9  11 12 ]
[ 13 14 15 22 17 18 ]
[ 19 20 21 16 23 24 ]
[ 25 26 27 28 29 35 ]
[ 31 32 33 0  34 30 ]

Step #191:
[ 1  2  3  5  4  6  ]
[ 7  8  10 9  11 12 ]
[ 13 14 15 22 17 18 ]
[ 19 20 21 16 23 24 ]
[ 25 26 27 28 29 35 ]
[ 31 32 33 34 0  30 ]

Step #192:
[ 1  2  3  5  4  6  ]
[ 7  8  10 9  11 12 ]
[ 13 14 15 22 17 18 ]
[ 19 20 21 16 23 24 ]
[ 25 26 27 28 29 35 ]
[ 31 32 33 34 30 0  ]

Step #193:
[ 1  2  3  5  4  6  ]
[ 7  8  10 9  11 12 ]
[ 13 14 15 22 17 18 ]
[ 19 20 21 16 23 24 ]
[ 25 26 27 28 29 0  ]
[ 31 32 33 34 30 35 ]

Step #194:
[ 1  2  3  5  4  6  ]
[ 7  8  10 9  11 12 ]
[ 13 14 15 22 17 18 ]
[ 19 20 21 16 23 24 ]
[ 25 26 27 28 0  29 ]
[ 31 32 33 34 30 35 ]

Step #195:
[ 1  2  3  5  4  6  ]
[ 7  8  10 9  11 12 ]
[ 13 14 15 22 17 18 ]
[ 19 20 21 16 23 24 ]
[ 25 26 27 28 30 29 ]
[ 31 32 33 34 0  35 ]

Step #196:
[ 1  2  3  5  4  6  ]
[ 7  8  10 9  11 12 ]
[ 13 14 15 22 17 18 ]
[ 19 20 21 16 23 24 ]
[ 25 26 27 28 30 29 ]
[ 31 32 33 34 35 0  ]

Step #197:
[ 1  2  3  5  4  6  ]
[ 7  8  10 9  11 12 ]
[ 13 14 15 22 17 18 ]
[ 19 20 21 16 23 24 ]
[ 25 26 27 28 30 0  ]
[ 31 32 33 34 35 29 ]

Step #198:
[ 1  2  3  5  4  6  ]
[ 7  8  10 9  11 12 ]
[ 13 14 15 22 17 18 ]
[ 19 20 21 16 23 24 ]
[ 25 26 27 28 0  30 ]
[ 31 32 33 34 35 29 ]

Step #199:
[ 1  2  3  5  4  6  ]
[ 7  8  10 9  11 12 ]
[ 13 14 15 22 17 18 ]
[ 19 20 21 16 23 24 ]
[ 25 26 27 0  28 30 ]
[ 31 32 33 34 35 29 ]

Step #200:
[ 1  2  3  5  4  6  ]
[ 7  8  10 9  11 12 ]
[ 13 14 15 22 17 18 ]
[ 19 20 21 0  23 24 ]
[ 25 26 27 16 28 30 ]
[ 31 32 33 34 35 29 ]

Step #201:
[ 1  2  3  5  4  6  ]
[ 7  8  10 9  11 12 ]
[ 13 14 15 0  17 18 ]
[ 19 20 21 22 23 24 ]
[ 25 26 27 16 28 30 ]
[ 31 32 33 34 35 29 ]

Step #202:
[ 1  2  3  5  4  6  ]
[ 7  8  10 9  11 12 ]
[ 13 14 0  15 17 18 ]
[ 19 20 21 22 23 24 ]
[ 25 26 27 16 28 30 ]
[ 31 32 33 34 35 29 ]

Step #203:
[ 1  2  3  5  4  6  ]
[ 7  8  0  9  11 12 ]
[ 13 14 10 15 17 18 ]
[ 19 20 21 22 23 24 ]
[ 25 26 27 16 28 30 ]
[ 31 32 33 34 35 29 ]

Step #204:
[ 1  2  3  5  4  6  ]
[ 7  8  9  0  11 12 ]
[ 13 14 10 15 17 18 ]
[ 19 20 21 22 23 24 ]
[ 25 26 27 16 28 30 ]
[ 31 32 33 34 35 29 ]

Step #205:
[ 1  2  3  0  4  6  ]
[ 7  8  9  5  11 12 ]
[ 13 14 10 15 17 18 ]
[ 19 20 21 22 23 24 ]
[ 25 26 27 16 28 30 ]
[ 31 32 33 34 35 29 ]

Step #206:
[ 1  2  3  4  0  6  ]
[ 7  8  9  5  11 12 ]
[ 13 14 10 15 17 18 ]
[ 19 20 21 22 23 24 ]
[ 25 26 27 16 28 30 ]
[ 31 32 33 34 35 29 ]

Step #207:
[ 1  2  3  4  11 6  ]
[ 7  8  9  5  0  12 ]
[ 13 14 10 15 17 18 ]
[ 19 20 21 22 23 24 ]
[ 25 26 27 16 28 30 ]
[ 31 32 33 34 35 29 ]

Step #208:
[ 1  2  3  4  11 6  ]
[ 7  8  9  0  5  12 ]
[ 13 14 10 15 17 18 ]
[ 19 20 21 22 23 24 ]
[ 25 26 27 16 28 30 ]
[ 31 32 33 34 35 29 ]

Step #209:
[ 1  2  3  4  11 6  ]
[ 7  8  0  9  5  12 ]
[ 13 14 10 15 17 18 ]
[ 19 20 21 22 23 24 ]
[ 25 26 27 16 28 30 ]
[ 31 32 33 34 35 29 ]

Step #210:
[ 1  2  3  4  11 6  ]
[ 7  8  10 9  5  12 ]
[ 13 14 0  15 17 18 ]
[ 19 20 21 22 23 24 ]
[ 25 26 27 16 28 30 ]
[ 31 32 33 34 35 29 ]

Step #211:
[ 1  2  3  4  11 6  ]
[ 7  8  10 9  5  12 ]
[ 13 14 15 0  17 18 ]
[ 19 20 21 22 23 24 ]
[ 25 26 27 16 28 30 ]
[ 31 32 33 34 35 29 ]

Step #212:
[ 1  2  3  4  11 6  ]
[ 7  8  10 9  5  12 ]
[ 13 14 15 22 17 18 ]
[ 19 20 21 0  23 24 ]
[ 25 26 27 16 28 30 ]
[ 31 32 33 34 35 29 ]

Step #213:
[ 1  2  3  4  11 6  ]
[ 7  8  10 9  5  12 ]
[ 13 14 15 22 17 18 ]
[ 19 20 21 16 23 24 ]
[ 25 26 27 0  28 30 ]
[ 31 32 33 34 35 29 ]

Step #214:
[ 1  2  3  4  11 6  ]
[ 7  8  10 9  5  12 ]
[ 13 14 15 22 17 18 ]
[ 19 20 21 16 23 24 ]
[ 25 26 27 28 0  30 ]
[ 31 32 33 34 35 29 ]

Step #215:
[ 1  2  3  4  11 6  ]
[ 7  8  10 9  5  12 ]
[ 13 14 15 22 17 18 ]
[ 19 20 21 16 0  24 ]
[ 25 26 27 28 23 30 ]
[ 31 32 33 34 35 29 ]

Step #216:
[ 1  2  3  4  11 6  ]
[ 7  8  10 9  5  12 ]
[ 13 14 15 22 17 18 ]
[ 19 20 21 0  16 24 ]
[ 25 26 27 28 23 30 ]
[ 31 32 33 34 35 29 ]

Step #217:
[ 1  2  3  4  11 6  ]
[ 7  8  10 9  5  12 ]
[ 13 14 15 0  17 18 ]
[ 19 20 21 22 16 24 ]
[ 25 26 27 28 23 30 ]
[ 31 32 33 34 35 29 ]

Step #218:
[ 1  2  3  4  11 6  ]
[ 7  8  10 0  5  12 ]
[ 13 14 15 9  17 18 ]
[ 19 20 21 22 16 24 ]
[ 25 26 27 28 23 30 ]
[ 31 32 33 34 35 29 ]

Step #219:
[ 1  2  3  4  11 6  ]
[ 7  8  0  10 5  12 ]
[ 13 14 15 9  17 18 ]
[ 19 20 21 22 16 24 ]
[ 25 26 27 28 23 30 ]
[ 31 32 33 34 35 29 ]

Step #220:
[ 1  2  3  4  11 6  ]
[ 7  8  15 10 5  12 ]
[ 13 14 0  9  17 18 ]
[ 19 20 21 22 16 24 ]
[ 25 26 27 28 23 30 ]
[ 31 32 33 34 35 29 ]

Step #221:
[ 1  2  3  4  11 6  ]
[ 7  8  15 10 5  12 ]
[ 13 14 9  0  17 18 ]
[ 19 20 21 22 16 24 ]
[ 25 26 27 28 23 30 ]
[ 31 32 33 34 35 29 ]

Step #222:
[ 1  2  3  4  11 6  ]
[ 7  8  15 10 5  12 ]
[ 13 14 9  17 0  18 ]
[ 19 20 21 22 16 24 ]
[ 25 26 27 28 23 30 ]
[ 31 32 33 34 35 29 ]

Step #223:
[ 1  2  3  4  11 6  ]
[ 7  8  15 10 5  12 ]
[ 13 14 9  17 16 18 ]
[ 19 20 21 22 0  24 ]
[ 25 26 27 28 23 30 ]
[ 31 32 33 34 35 29 ]

Step #224:
[ 1  2  3  4  11 6  ]
[ 7  8  15 10 5  12 ]
[ 13 14 9  17 16 18 ]
[ 19 20 21 22 23 24 ]
[ 25 26 27 28 0  30 ]
[ 31 32 33 34 35 29 ]

Step #225:
[ 1  2  3  4  11 6  ]
[ 7  8  15 10 5  12 ]
[ 13 14 9  17 16 18 ]
[ 19 20 21 22 23 24 ]
[ 25 26 27 0  28 30 ]
[ 31 32 33 34 35 29 ]

Step #226:
[ 1  2  3  4  11 6  ]
[ 7  8  15 10 5  12 ]
[ 13 14 9  17 16 18 ]
[ 19 20 21 0  23 24 ]
[ 25 26 27 22 28 30 ]
[ 31 32 33 34 35 29 ]

Step #227:
[ 1  2  3  4  11 6  ]
[ 7  8  15 10 5  12 ]
[ 13 14 9  0  16 18 ]
[ 19 20 21 17 23 24 ]
[ 25 26 27 22 28 30 ]
[ 31 32 33 34 35 29 ]

Step #228:
[ 1  2  3  4  11 6  ]
[ 7  8  15 10 5  12 ]
[ 13 14 9  16 0  18 ]
[ 19 20 21 17 23 24 ]
[ 25 26 27 22 28 30 ]
[ 31 32 33 34 35 29 ]

Step #229:
[ 1  2  3  4  11 6  ]
[ 7  8  15 10 5  12 ]
[ 13 14 9  16 23 18 ]
[ 19 20 21 17 0  24 ]
[ 25 26 27 22 28 30 ]
[ 31 32 33 34 35 29 ]

Step #230:
[ 1  2  3  4  11 6  ]
[ 7  8  15 10 5  12 ]
[ 13 14 9  16 23 18 ]
[ 19 20 21 0  17 24 ]
[ 25 26 27 22 28 30 ]
[ 31 32 33 34 35 29 ]

Step #231:
[ 1  2  3  4  11 6  ]
[ 7  8  15 10 5  12 ]
[ 13 14 9  16 23 18 ]
[ 19 20 21 22 17 24 ]
[ 25 26 27 0  28 30 ]
[ 31 32 33 34 35 29 ]

Step #232:
[ 1  2  3  4  11 6  ]
[ 7  8  15 10 5  12 ]
[ 13 14 9  16 23 18 ]
[ 19 20 21 22 17 24 ]
[ 25 26 27 28 0  30 ]
[ 31 32 33 34 35 29 ]

Step #233:
[ 1  2  3  4  11 6  ]
[ 7  8  15 10 5  12 ]
[ 13 14 9  16 23 18 ]
[ 19 20 21 22 0  24 ]
[ 25 26 27 28 17 30 ]
[ 31 32 33 34 35 29 ]

Step #234:
[ 1  2  3  4  11 6  ]
[ 7  8  15 10 5  12 ]
[ 13 14 9  16 0  18 ]
[ 19 20 21 22 23 24 ]
[ 25 26 27 28 17 30 ]
[ 31 32 33 34 35 29 ]

Step #235:
[ 1  2  3  4  11 6  ]
[ 7  8  15 10 5  12 ]
[ 13 14 9  0  16 18 ]
[ 19 20 21 22 23 24 ]
[ 25 26 27 28 17 30 ]
[ 31 32 33 34 35 29 ]

Step #236:
[ 1  2  3  4  11 6  ]
[ 7  8  15 0  5  12 ]
[ 13 14 9  10 16 18 ]
[ 19 20 21 22 23 24 ]
[ 25 26 27 28 17 30 ]
[ 31 32 33 34 35 29 ]

Step #237:
[ 1  2  3  4  11 6  ]
[ 7  8  0  15 5  12 ]
[ 13 14 9  10 16 18 ]
[ 19 20 21 22 23 24 ]
[ 25 26 27 28 17 30 ]
[ 31 32 33 34 35 29 ]

Step #238:
[ 1  2  3  4  11 6  ]
[ 7  8  9  15 5  12 ]
[ 13 14 0  10 16 18 ]
[ 19 20 21 22 23 24 ]
[ 25 26 27 28 17 30 ]
[ 31 32 33 34 35 29 ]

Step #239:
[ 1  2  3  4  11 6  ]
[ 7  8  9  15 5  12 ]
[ 13 14 10 0  16 18 ]
[ 19 20 21 22 23 24 ]
[ 25 26 27 28 17 30 ]
[ 31 32 33 34 35 29 ]

Step #240:
[ 1  2  3  4  11 6  ]
[ 7  8  9  0  5  12 ]
[ 13 14 10 15 16 18 ]
[ 19 20 21 22 23 24 ]
[ 25 26 27 28 17 30 ]
[ 31 32 33 34 35 29 ]

Step #241:
[ 1  2  3  4  11 6  ]
[ 7  8  9  5  0  12 ]
[ 13 14 10 15 16 18 ]
[ 19 20 21 22 23 24 ]
[ 25 26 27 28 17 30 ]
[ 31 32 33 34 35 29 ]

Step #242:
[ 1  2  3  4  0  6  ]
[ 7  8  9  5  11 12 ]
[ 13 14 10 15 16 18 ]
[ 19 20 21 22 23 24 ]
[ 25 26 27 28 17 30 ]
[ 31 32 33 34 35 29 ]

Step #243:
[ 1  2  3  0  4  6  ]
[ 7  8  9  5  11 12 ]
[ 13 14 10 15 16 18 ]
[ 19 20 21 22 23 24 ]
[ 25 26 27 28 17 30 ]
[ 31 32 33 34 35 29 ]

Step #244:
[ 1  2  3  5  4  6  ]
[ 7  8  9  0  11 12 ]
[ 13 14 10 15 16 18 ]
[ 19 20 21 22 23 24 ]
[ 25 26 27 28 17 30 ]
[ 31 32 33 34 35 29 ]

Step #245:
[ 1  2  3  5  4  6  ]
[ 7  8  0  9  11 12 ]
[ 13 14 10 15 16 18 ]
[ 19 20 21 22 23 24 ]
[ 25 26 27 28 17 30 ]
[ 31 32 33 34 35 29 ]

Step #246:
[ 1  2  3  5  4  6  ]
[ 7  8  10 9  11 12 ]
[ 13 14 0  15 16 18 ]
[ 19 20 21 22 23 24 ]
[ 25 26 27 28 17 30 ]
[ 31 32 33 34 35 29 ]

Step #247:
[ 1  2  3  5  4  6  ]
[ 7  8  10 9  11 12 ]
[ 13 14 15 0  16 18 ]
[ 19 20 21 22 23 24 ]
[ 25 26 27 28 17 30 ]
[ 31 32 33 34 35 29 ]

Step #248:
[ 1  2  3  5  4  6  ]
[ 7  8  10 9  11 12 ]
[ 13 14 15 16 0  18 ]
[ 19 20 21 22 23 24 ]
[ 25 26 27 28 17 30 ]
[ 31 32 33 34 35 29 ]

Step #249:
[ 1  2  3  5  4  6  ]
[ 7  8  10 9  0  12 ]
[ 13 14 15 16 11 18 ]
[ 19 20 21 22 23 24 ]
[ 25 26 27 28 17 30 ]
[ 31 32 33 34 35 29 ]

Step #250:
[ 1  2  3  5  0  6  ]
[ 7  8  10 9  4  12 ]
[ 13 14 15 16 11 18 ]
[ 19 20 21 22 23 24 ]
[ 25 26 27 28 17 30 ]
[ 31 32 33 34 35 29 ]

Step #251:
[ 1  2  3  0  5  6  ]
[ 7  8  10 9  4  12 ]
[ 13 14 15 16 11 18 ]
[ 19 20 21 22 23 24 ]
[ 25 26 27 28 17 30 ]
[ 31 32 33 34 35 29 ]

Step #252:
[ 1  2  3  9  5  6  ]
[ 7  8  10 0  4  12 ]
[ 13 14 15 16 11 18 ]
[ 19 20 21 22 23 24 ]
[ 25 26 27 28 17 30 ]
[ 31 32 33 34 35 29 ]

Step #253:
[ 1  2  3  9  5  6  ]
[ 7  8  10 4  0  12 ]
[ 13 14 15 16 11 18 ]
[ 19 20 21 22 23 24 ]
[ 25 26 27 28 17 30 ]
[ 31 32 33 34 35 29 ]

Step #254:
[ 1  2  3  9  0  6  ]
[ 7  8  10 4  5  12 ]
[ 13 14 15 16 11 18 ]
[ 19 20 21 22 23 24 ]
[ 25 26 27 28 17 30 ]
[ 31 32 33 34 35 29 ]

Step #255:
[ 1  2  3  0  9  6  ]
[ 7  8  10 4  5  12 ]
[ 13 14 15 16 11 18 ]
[ 19 20 21 22 23 24 ]
[ 25 26 27 28 17 30 ]
[ 31 32 33 34 35 29 ]

Step #256:
[ 1  2  3  4  9  6  ]
[ 7  8  10 0  5  12 ]
[ 13 14 15 16 11 18 ]
[ 19 20 21 22 23 24 ]
[ 25 26 27 28 17 30 ]
[ 31 32 33 34 35 29 ]

Step #257:
[ 1  2  3  4  9  6  ]
[ 7  8  0  10 5  12 ]
[ 13 14 15 16 11 18 ]
[ 19 20 21 22 23 24 ]
[ 25 26 27 28 17 30 ]
[ 31 32 33 34 35 29 ]

Step #258:
[ 1  2  0  4  9  6  ]
[ 7  8  3  10 5  12 ]
[ 13 14 15 16 11 18 ]
[ 19 20 21 22 23 24 ]
[ 25 26 27 28 17 30 ]
[ 31 32 33 34 35 29 ]

Step #259:
[ 1  2  4  0  9  6  ]
[ 7  8  3  10 5  12 ]
[ 13 14 15 16 11 18 ]
[ 19 20 21 22 23 24 ]
[ 25 26 27 28 17 30 ]
[ 31 32 33 34 35 29 ]

Step #260:
[ 1  2  4  9  0  6  ]
[ 7  8  3  10 5  12 ]
[ 13 14 15 16 11 18 ]
[ 19 20 21 22 23 24 ]
[ 25 26 27 28 17 30 ]
[ 31 32 33 34 35 29 ]

Step #261:
[ 1  2  4  9  5  6  ]
[ 7  8  3  10 0  12 ]
[ 13 14 15 16 11 18 ]
[ 19 20 21 22 23 24 ]
[ 25 26 27 28 17 30 ]
[ 31 32 33 34 35 29 ]

Step #262:
[ 1  2  4  9  5  6  ]
[ 7  8  3  0  10 12 ]
[ 13 14 15 16 11 18 ]
[ 19 20 21 22 23 24 ]
[ 25 26 27 28 17 30 ]
[ 31 32 33 34 35 29 ]

Step #263:
[ 1  2  4  0  5  6  ]
[ 7  8  3  9  10 12 ]
[ 13 14 15 16 11 18 ]
[ 19 20 21 22 23 24 ]
[ 25 26 27 28 17 30 ]
[ 31 32 33 34 35 29 ]

Step #264:
[ 1  2  0  4  5  6  ]
[ 7  8  3  9  10 12 ]
[ 13 14 15 16 11 18 ]
[ 19 20 21 22 23 24 ]
[ 25 26 27 28 17 30 ]
[ 31 32 33 34 35 29 ]

Step #265:
[ 1  2  3  4  5  6  ]
[ 7  8  0  9  10 12 ]
[ 13 14 15 16 11 18 ]
[ 19 20 21 22 23 24 ]
[ 25 26 27 28 17 30 ]
[ 31 32 33 34 35 29 ]

Step #266:
[ 1  2  3  4  5  6  ]
[ 7  8  9  0  10 12 ]
[ 13 14 15 16 11 18 ]
[ 19 20 21 22 23 24 ]
[ 25 26 27 28 17 30 ]
[ 31 32 33 34 35 29 ]

Step #267:
[ 1  2  3  4  5  6  ]
[ 7  8  9  10 0  12 ]
[ 13 14 15 16 11 18 ]
[ 19 20 21 22 23 24 ]
[ 25 26 27 28 17 30 ]
[ 31 32 33 34 35 29 ]

Step #268:
[ 1  2  3  4  5  6  ]
[ 7  8  9  10 11 12 ]
[ 13 14 15 16 0  18 ]
[ 19 20 21 22 23 24 ]
[ 25 26 27 28 17 30 ]
[ 31 32 33 34 35 29 ]

Step #269:
[ 1  2  3  4  5  6  ]
[ 7  8  9  10 11 12 ]
[ 13 14 15 16 23 18 ]
[ 19 20 21 22 0  24 ]
[ 25 26 27 28 17 30 ]
[ 31 32 33 34 35 29 ]

Step #270:
[ 1  2  3  4  5  6  ]
[ 7  8  9  10 11 12 ]
[ 13 14 15 16 23 18 ]
[ 19 20 21 22 24 0  ]
[ 25 26 27 28 17 30 ]
[ 31 32 33 34 35 29 ]

Step #271:
[ 1  2  3  4  5  6  ]
[ 7  8  9  10 11 12 ]
[ 13 14 15 16 23 18 ]
[ 19 20 21 22 24 30 ]
[ 25 26 27 28 17 0  ]
[ 31 32 33 34 35 29 ]

Step #272:
[ 1  2  3  4  5  6  ]
[ 7  8  9  10 11 12 ]
[ 13 14 15 16 23 18 ]
[ 19 20 21 22 24 30 ]
[ 25 26 27 28 17 29 ]
[ 31 32 33 34 35 0  ]

Step #273:
[ 1  2  3  4  5  6  ]
[ 7  8  9  10 11 12 ]
[ 13 14 15 16 23 18 ]
[ 19 20 21 22 24 30 ]
[ 25 26 27 28 17 29 ]
[ 31 32 33 34 0  35 ]

Step #274:
[ 1  2  3  4  5  6  ]
[ 7  8  9  10 11 12 ]
[ 13 14 15 16 23 18 ]
[ 19 20 21 22 24 30 ]
[ 25 26 27 28 0  29 ]
[ 31 32 33 34 17 35 ]

Step #275:
[ 1  2  3  4  5  6  ]
[ 7  8  9  10 11 12 ]
[ 13 14 15 16 23 18 ]
[ 19 20 21 22 24 30 ]
[ 25 26 27 28 29 0  ]
[ 31 32 33 34 17 35 ]

Step #276:
[ 1  2  3  4  5  6  ]
[ 7  8  9  10 11 12 ]
[ 13 14 15 16 23 18 ]
[ 19 20 21 22 24 0  ]
[ 25 26 27 28 29 30 ]
[ 31 32 33 34 17 35 ]

Step #277:
[ 1  2  3  4  5  6  ]
[ 7  8  9  10 11 12 ]
[ 13 14 15 16 23 18 ]
[ 19 20 21 22 0  24 ]
[ 25 26 27 28 29 30 ]
[ 31 32 33 34 17 35 ]

Step #278:
[ 1  2  3  4  5  6  ]
