Initial board:
[ 1  2  10 3  4  6  ]
[ 7  9  11 23 5  12 ]
[ 13 8  14 17 16 18 ]
[ 19 20 15 0  24 30 ]
[ 25 21 32 26 22 28 ]
[ 31 27 34 33 29 35 ]

Solution (total nodes 9846):
Step #1:
[ 1  2  10 3  4  6  ]
[ 7  9  11 23 5  12 ]
[ 13 8  14 17 16 18 ]
[ 19 20 15 24 0  30 ]
[ 25 21 32 26 22 28 ]
[ 31 27 34 33 29 35 ]

Step #2:
[ 1  2  10 3  4  6  ]
[ 7  9  11 23 5  12 ]
[ 13 8  14 17 16 18 ]
[ 19 20 15 24 22 30 ]
[ 25 21 32 26 0  28 ]
[ 31 27 34 33 29 35 ]

Step #3:
[ 1  2  10 3  4  6  ]
[ 7  9  11 23 5  12 ]
[ 13 8  14 17 16 18 ]
[ 19 20 15 24 22 30 ]
[ 25 21 32 26 28 0  ]
[ 31 27 34 33 29 35 ]

Step #4:
[ 1  2  10 3  4  6  ]
[ 7  9  11 23 5  12 ]
[ 13 8  14 17 16 18 ]
[ 19 20 15 24 22 0  ]
[ 25 21 32 26 28 30 ]
[ 31 27 34 33 29 35 ]

Step #5:
[ 1  2  10 3  4  6  ]
[ 7  9  11 23 5  12 ]
[ 13 8  14 17 16 18 ]
[ 19 20 15 24 0  22 ]
[ 25 21 32 26 28 30 ]
[ 31 27 34 33 29 35 ]

Step #6:
[ 1  2  10 3  4  6  ]
[ 7  9  11 23 5  12 ]
[ 13 8  14 17 16 18 ]
[ 19 20 15 0  24 22 ]
[ 25 21 32 26 28 30 ]
[ 31 27 34 33 29 35 ]

Step #7:
[ 1  2  10 3  4  6  ]
[ 7  9  11 23 5  12 ]
[ 13 8  14 17 16 18 ]
[ 19 20 15 26 24 22 ]
[ 25 21 32 0  28 30 ]
[ 31 27 34 33 29 35 ]

Step #8:
[ 1  2  10 3  4  6  ]
[ 7  9  11 23 5  12 ]
[ 13 8  14 17 16 18 ]
[ 19 20 15 26 24 22 ]
[ 25 21 32 28 0  30 ]
[ 31 27 34 33 29 35 ]

Step #9:
[ 1  2  10 3  4  6  ]
[ 7  9  11 23 5  12 ]
[ 13 8  14 17 16 18 ]
[ 19 20 15 26 24 22 ]
[ 25 21 32 28 29 30 ]
[ 31 27 34 33 0  35 ]

Step #10:
[ 1  2  10 3  4  6  ]
[ 7  9  11 23 5  12 ]
[ 13 8  14 17 16 18 ]
[ 19 20 15 26 24 22 ]
[ 25 21 32 28 29 30 ]
[ 31 27 34 0  33 35 ]

Step #11:
[ 1  2  10 3  4  6  ]
[ 7  9  11 23 5  12 ]
[ 13 8  14 17 16 18 ]
[ 19 20 15 26 24 22 ]
[ 25 21 32 28 29 30 ]
[ 31 27 0  34 33 35 ]

Step #12:
[ 1  2  10 3  4  6  ]
[ 7  9  11 23 5  12 ]
[ 13 8  14 17 16 18 ]
[ 19 20 15 26 24 22 ]
[ 25 21 0  28 29 30 ]
[ 31 27 32 34 33 35 ]

Step #13:
[ 1  2  10 3  4  6  ]
[ 7  9  11 23 5  12 ]
[ 13 8  14 17 16 18 ]
[ 19 20 15 26 24 22 ]
[ 25 0  21 28 29 30 ]
[ 31 27 32 34 33 35 ]

Step #14:
[ 1  2  10 3  4  6  ]
[ 7  9  11 23 5  12 ]
[ 13 8  14 17 16 18 ]
[ 19 20 15 26 24 22 ]
[ 25 27 21 28 29 30 ]
[ 31 0  32 34 33 35 ]

Step #15:
[ 1  2  10 3  4  6  ]
[ 7  9  11 23 5  12 ]
[ 13 8  14 17 16 18 ]
[ 19 20 15 26 24 22 ]
[ 25 27 21 28 29 30 ]
[ 31 32 0  34 33 35 ]

Step #16:
[ 1  2  10 3  4  6  ]
[ 7  9  11 23 5  12 ]
[ 13 8  14 17 16 18 ]
[ 19 20 15 26 24 22 ]
[ 25 27 21 28 29 30 ]
[ 31 32 34 0  33 35 ]

Step #17:
[ 1  2  10 3  4  6  ]
[ 7  9  11 23 5  12 ]
[ 13 8  14 17 16 18 ]
[ 19 20 15 26 24 22 ]
[ 25 27 21 28 29 30 ]
[ 31 32 34 33 0  35 ]

Step #18:
[ 1  2  10 3  4  6  ]
[ 7  9  11 23 5  12 ]
[ 13 8  14 17 16 18 ]
[ 19 20 15 26 24 22 ]
[ 25 27 21 28 29 30 ]
[ 31 32 34 33 35 0  ]

Step #19:
[ 1  2  10 3  4  6  ]
[ 7  9  11 23 5  12 ]
[ 13 8  14 17 16 18 ]
[ 19 20 15 26 24 22 ]
[ 25 27 21 28 29 0  ]
[ 31 32 34 33 35 30 ]

Step #20:
[ 1  2  10 3  4  6  ]
[ 7  9  11 23 5  12 ]
[ 13 8  14 17 16 18 ]
[ 19 20 15 26 24 0  ]
[ 25 27 21 28 29 22 ]
[ 31 32 34 33 35 30 ]

Step #21:
[ 1  2  10 3  4  6  ]
[ 7  9  11 23 5  12 ]
[ 13 8  14 17 16 18 ]
[ 19 20 15 26 0  24 ]
[ 25 27 21 28 29 22 ]
[ 31 32 34 33 35 30 ]

Step #22:
[ 1  2  10 3  4  6  ]
[ 7  9  11 23 5  12 ]
[ 13 8  14 17 0  18 ]
[ 19 20 15 26 16 24 ]
[ 25 27 21 28 29 22 ]
[ 31 32 34 33 35 30 ]

Step #23:
[ 1  2  10 3  4  6  ]
[ 7  9  11 23 5  12 ]
[ 13 8  14 0  17 18 ]
[ 19 20 15 26 16 24 ]
[ 25 27 21 28 29 22 ]
[ 31 32 34 33 35 30 ]

Step #24:
[ 1  2  10 3  4  6  ]
[ 7  9  11 0  5  12 ]
[ 13 8  14 23 17 18 ]
[ 19 20 15 26 16 24 ]
[ 25 27 21 28 29 22 ]
[ 31 32 34 33 35 30 ]

Step #25:
[ 1  2  10 3  4  6  ]
[ 7  9  0  11 5  12 ]
[ 13 8  14 23 17 18 ]
[ 19 20 15 26 16 24 ]
[ 25 27 21 28 29 22 ]
[ 31 32 34 33 35 30 ]

Step #26:
[ 1  2  10 3  4  6  ]
[ 7  0  9  11 5  12 ]
[ 13 8  14 23 17 18 ]
[ 19 20 15 26 16 24 ]
[ 25 27 21 28 29 22 ]
[ 31 32 34 33 35 30 ]

Step #27:
[ 1  2  10 3  4  6  ]
[ 7  8  9  11 5  12 ]
[ 13 0  14 23 17 18 ]
[ 19 20 15 26 16 24 ]
[ 25 27 21 28 29 22 ]
[ 31 32 34 33 35 30 ]

Step #28:
[ 1  2  10 3  4  6  ]
[ 7  8  9  11 5  12 ]
[ 13 14 0  23 17 18 ]
[ 19 20 15 26 16 24 ]
[ 25 27 21 28 29 22 ]
[ 31 32 34 33 35 30 ]

Step #29:
[ 1  2  10 3  4  6  ]
[ 7  8  9  11 5  12 ]
[ 13 14 15 23 17 18 ]
[ 19 20 0  26 16 24 ]
[ 25 27 21 28 29 22 ]
[ 31 32 34 33 35 30 ]

Step #30:
[ 1  2  10 3  4  6  ]
[ 7  8  9  11 5  12 ]
[ 13 14 15 23 17 18 ]
[ 19 20 26 0  16 24 ]
[ 25 27 21 28 29 22 ]
[ 31 32 34 33 35 30 ]

Step #31:
[ 1  2  10 3  4  6  ]
[ 7  8  9  11 5  12 ]
[ 13 14 15 0  17 18 ]
[ 19 20 26 23 16 24 ]
[ 25 27 21 28 29 22 ]
[ 31 32 34 33 35 30 ]

Step #32:
[ 1  2  10 3  4  6  ]
[ 7  8  9  11 5  12 ]
[ 13 14 0  15 17 18 ]
[ 19 20 26 23 16 24 ]
[ 25 27 21 28 29 22 ]
[ 31 32 34 33 35 30 ]

Step #33:
[ 1  2  10 3  4  6  ]
[ 7  8  0  11 5  12 ]
[ 13 14 9  15 17 18 ]
[ 19 20 26 23 16 24 ]
[ 25 27 21 28 29 22 ]
[ 31 32 34 33 35 30 ]

Step #34:
[ 1  2  0  3  4  6  ]
[ 7  8  10 11 5  12 ]
[ 13 14 9  15 17 18 ]
[ 19 20 26 23 16 24 ]
[ 25 27 21 28 29 22 ]
[ 31 32 34 33 35 30 ]

Step #35:
[ 1  2  3  0  4  6  ]
[ 7  8  10 11 5  12 ]
[ 13 14 9  15 17 18 ]
[ 19 20 26 23 16 24 ]
[ 25 27 21 28 29 22 ]
[ 31 32 34 33 35 30 ]

Step #36:
[ 1  2  3  4  0  6  ]
[ 7  8  10 11 5  12 ]
[ 13 14 9  15 17 18 ]
[ 19 20 26 23 16 24 ]
[ 25 27 21 28 29 22 ]
[ 31 32 34 33 35 30 ]

Step #37:
[ 1  2  3  4  5  6  ]
[ 7  8  10 11 0  12 ]
[ 13 14 9  15 17 18 ]
[ 19 20 26 23 16 24 ]
[ 25 27 21 28 29 22 ]
[ 31 32 34 33 35 30 ]

Step #38:
[ 1  2  3  4  5  6  ]
[ 7  8  10 0  11 12 ]
[ 13 14 9  15 17 18 ]
[ 19 20 26 23 16 24 ]
[ 25 27 21 28 29 22 ]
[ 31 32 34 33 35 30 ]

Step #39:
[ 1  2  3  4  5  6  ]
[ 7  8  0  10 11 12 ]
[ 13 14 9  15 17 18 ]
[ 19 20 26 23 16 24 ]
[ 25 27 21 28 29 22 ]
[ 31 32 34 33 35 30 ]

Step #40:
[ 1  2  3  4  5  6  ]
[ 7  8  9  10 11 12 ]
[ 13 14 0  15 17 18 ]
[ 19 20 26 23 16 24 ]
[ 25 27 21 28 29 22 ]
[ 31 32 34 33 35 30 ]

Step #41:
[ 1  2  3  4  5  6  ]
[ 7  8  9  10 11 12 ]
[ 13 0  14 15 17 18 ]
[ 19 20 26 23 16 24 ]
[ 25 27 21 28 29 22 ]
[ 31 32 34 33 35 30 ]

Step #42:
[ 1  2  3  4  5  6  ]
[ 7  8  9  10 11 12 ]
[ 13 20 14 15 17 18 ]
[ 19 0  26 23 16 24 ]
[ 25 27 21 28 29 22 ]
[ 31 32 34 33 35 30 ]

Step #43:
[ 1  2  3  4  5  6  ]
[ 7  8  9  10 11 12 ]
[ 13 20 14 15 17 18 ]
[ 19 26 0  23 16 24 ]
[ 25 27 21 28 29 22 ]
[ 31 32 34 33 35 30 ]

Step #44:
[ 1  2  3  4  5  6  ]
[ 7  8  9  10 11 12 ]
[ 13 20 14 15 17 18 ]
[ 19 26 21 23 16 24 ]
[ 25 27 0  28 29 22 ]
[ 31 32 34 33 35 30 ]

Step #45:
[ 1  2  3  4  5  6  ]
[ 7  8  9  10 11 12 ]
[ 13 20 14 15 17 18 ]
[ 19 26 21 23 16 24 ]
[ 25 0  27 28 29 22 ]
[ 31 32 34 33 35 30 ]

Step #46:
[ 1  2  3  4  5  6  ]
[ 7  8  9  10 11 12 ]
[ 13 20 14 15 17 18 ]
[ 19 0  21 23 16 24 ]
[ 25 26 27 28 29 22 ]
[ 31 32 34 33 35 30 ]

Step #47:
[ 1  2  3  4  5  6  ]
[ 7  8  9  10 11 12 ]
[ 13 0  14 15 17 18 ]
[ 19 20 21 23 16 24 ]
[ 25 26 27 28 29 22 ]
[ 31 32 34 33 35 30 ]

Step #48:
[ 1  2  3  4  5  6  ]
[ 7  8  9  10 11 12 ]
[ 13 14 0  15 17 18 ]
[ 19 20 21 23 16 24 ]
[ 25 26 27 28 29 22 ]
[ 31 32 34 33 35 30 ]

Step #49:
[ 1  2  3  4  5  6  ]
[ 7  8  9  10 11 12 ]
[ 13 14 15 0  17 18 ]
[ 19 20 21 23 16 24 ]
[ 25 26 27 28 29 22 ]
[ 31 32 34 33 35 30 ]

Step #50:
[ 1  2  3  4  5  6  ]
[ 7  8  9  10 11 12 ]
[ 13 14 15 23 17 18 ]
[ 19 20 21 0  16 24 ]
[ 25 26 27 28 29 22 ]
[ 31 32 34 33 35 30 ]

Step #51:
[ 1  2  3  4  5  6  ]
[ 7  8  9  10 11 12 ]
[ 13 14 15 23 17 18 ]
[ 19 20 21 16 0  24 ]
[ 25 26 27 28 29 22 ]
[ 31 32 34 33 35 30 ]

Step #52:
[ 1  2  3  4  5  6  ]
[ 7  8  9  10 11 12 ]
[ 13 14 15 23 17 18 ]
[ 19 20 21 16 29 24 ]
[ 25 26 27 28 0  22 ]
[ 31 32 34 33 35 30 ]

Step #53:
[ 1  2  3  4  5  6  ]
[ 7  8  9  10 11 12 ]
[ 13 14 15 23 17 18 ]
[ 19 20 21 16 29 24 ]
[ 25 26 27 28 22 0  ]
[ 31 32 34 33 35 30 ]

Step #54:
[ 1  2  3  4  5  6  ]
[ 7  8  9  10 11 12 ]
[ 13 14 15 23 17 18 ]
[ 19 20 21 16 29 0  ]
[ 25 26 27 28 22 24 ]
[ 31 32 34 33 35 30 ]

Step #55:
[ 1  2  3  4  5  6  ]
[ 7  8  9  10 11 12 ]
[ 13 14 15 23 17 0  ]
[ 19 20 21 16 29 18 ]
[ 25 26 27 28 22 24 ]
[ 31 32 34 33 35 30 ]

Step #56:
[ 1  2  3  4  5  6  ]
[ 7  8  9  10 11 12 ]
[ 13 14 15 23 0  17 ]
[ 19 20 21 16 29 18 ]
[ 25 26 27 28 22 24 ]
[ 31 32 34 33 35 30 ]

Step #57:
[ 1  2  3  4  5  6  ]
[ 7  8  9  10 11 12 ]
[ 13 14 15 0  23 17 ]
[ 19 20 21 16 29 18 ]
[ 25 26 27 28 22 24 ]
[ 31 32 34 33 35 30 ]

Step #58:
[ 1  2  3  4  5  6  ]
[ 7  8  9  10 11 12 ]
[ 13 14 15 16 23 17 ]
[ 19 20 21 0  29 18 ]
[ 25 26 27 28 22 24 ]
[ 31 32 34 33 35 30 ]

Step #59:
[ 1  2  3  4  5  6  ]
[ 7  8  9  10 11 12 ]
[ 13 14 15 16 23 17 ]
[ 19 20 21 29 0  18 ]
[ 25 26 27 28 22 24 ]
[ 31 32 34 33 35 30 ]

Step #60:
[ 1  2  3  4  5  6  ]
[ 7  8  9  10 11 12 ]
[ 13 14 15 16 0  17 ]
[ 19 20 21 29 23 18 ]
[ 25 26 27 28 22 24 ]
[ 31 32 34 33 35 30 ]

Step #61:
[ 1  2  3  4  5  6  ]
[ 7  8  9  10 11 12 ]
[ 13 14 15 16 17 0  ]
[ 19 20 21 29 23 18 ]
[ 25 26 27 28 22 24 ]
[ 31 32 34 33 35 30 ]

Step #62:
[ 1  2  3  4  5  6  ]
[ 7  8  9  10 11 12 ]
[ 13 14 15 16 17 18 ]
[ 19 20 21 29 23 0  ]
[ 25 26 27 28 22 24 ]
[ 31 32 34 33 35 30 ]

Step #63:
[ 1  2  3  4  5  6  ]
[ 7  8  9  10 11 12 ]
[ 13 14 15 16 17 18 ]
[ 19 20 21 29 0  23 ]
[ 25 26 27 28 22 24 ]
[ 31 32 34 33 35 30 ]

Step #64:
[ 1  2  3  4  5  6  ]
[ 7  8  9  10 11 12 ]
[ 13 14 15 16 17 18 ]
[ 19 20 21 29 22 23 ]
[ 25 26 27 28 0  24 ]
[ 31 32 34 33 35 30 ]

Step #65:
[ 1  2  3  4  5  6  ]
[ 7  8  9  10 11 12 ]
[ 13 14 15 16 17 18 ]
[ 19 20 21 29 22 23 ]
[ 25 26 27 0  28 24 ]
[ 31 32 34 33 35 30 ]

Step #66:
[ 1  2  3  4  5  6  ]
[ 7  8  9  10 11 12 ]
[ 13 14 15 16 17 18 ]
[ 19 20 21 0  22 23 ]
[ 25 26 27 29 28 24 ]
[ 31 32 34 33 35 30 ]

Step #67:
[ 1  2  3  4  5  6  ]
[ 7  8  9  10 11 12 ]
[ 13 14 15 16 17 18 ]
[ 19 20 21 22 0  23 ]
[ 25 26 27 29 28 24 ]
[ 31 32 34 33 35 30 ]

Step #68:
[ 1  2  3  4  5  6  ]
[ 7  8  9  10 11 12 ]
[ 13 14 15 16 17 18 ]
[ 19 20 21 22 23 0  ]
[ 25 26 27 29 28 24 ]
[ 31 32 34 33 35 30 ]

Step #69:
[ 1  2  3  4  5  6  ]
[ 7  8  9  10 11 12 ]
[ 13 14 15 16 17 18 ]
[ 19 20 21 22 23 24 ]
[ 25 26 27 29 28 0  ]
[ 31 32 34 33 35 30 ]

Step #70:
[ 1  2  3  4  5  6  ]
[ 7  8  9  10 11 12 ]
[ 13 14 15 16 17 18 ]
[ 19 20 21 22 23 24 ]
[ 25 26 27 29 28 30 ]
[ 31 32 34 33 35 0  ]

Step #71:
[ 1  2  3  4  5  6  ]
[ 7  8  9  10 11 12 ]
[ 13 14 15 16 17 18 ]
[ 19 20 21 22 23 24 ]
[ 25 26 27 29 28 30 ]
[ 31 32 34 33 0  35 ]

Step #72:
[ 1  2  3  4  5  6  ]
[ 7  8  9  10 11 12 ]
[ 13 14 15 16 17 18 ]
[ 19 20 21 22 23 24 ]
[ 25 26 27 29 28 30 ]
[ 31 32 34 0  33 35 ]

Step #73:
[ 1  2  3  4  5  6  ]
[ 7  8  9  10 11 12 ]
[ 13 14 15 16 17 18 ]
[ 19 20 21 22 23 24 ]
[ 25 26 27 0  28 30 ]
[ 31 32 34 29 33 35 ]

Step #74:
[ 1  2  3  4  5  6  ]
[ 7  8  9  10 11 12 ]
[ 13 14 15 16 17 18 ]
[ 19 20 21 22 23 24 ]
[ 25 26 27 28 0  30 ]
[ 31 32 34 29 33 35 ]

Step #75:
[ 1  2  3  4  5  6  ]
[ 7  8  9  10 11 12 ]
[ 13 14 15 16 17 18 ]
[ 19 20 21 22 23 24 ]
[ 25 26 27 28 33 30 ]
[ 31 32 34 29 0  35 ]

Step #76:
[ 1  2  3  4  5  6  ]
[ 7  8  9  10 11 12 ]
[ 13 14 15 16 17 18 ]
[ 19 20 21 22 23 24 ]
[ 25 26 27 28 33 30 ]
[ 31 32 34 0  29 35 ]

Step #77:
[ 1  2  3  4  5  6  ]
[ 7  8  9  10 11 12 ]
[ 13 14 15 16 17 18 ]
[ 19 20 21 22 23 24 ]
[ 25 26 27 28 33 30 ]
[ 31 32 0  34 29 35 ]

Step #78:
[ 1  2  3  4  5  6  ]
[ 7  8  9  10 11 12 ]
[ 13 14 15 16 17 18 ]
[ 19 20 21 22 23 24 ]
[ 25 26 0  28 33 30 ]
[ 31 32 27 34 29 35 ]

Step #79:
[ 1  2  3  4  5  6  ]
[ 7  8  9  10 11 12 ]
[ 13 14 15 16 17 18 ]
[ 19 20 21 22 23 24 ]
[ 25 26 28 0  33 30 ]
[ 31 32 27 34 29 35 ]

Step #80:
[ 1  2  3  4  5  6  ]
[ 7  8  9  10 11 12 ]
[ 13 14 15 16 17 18 ]
[ 19 20 21 22 23 24 ]
[ 25 26 28 33 0  30 ]
[ 31 32 27 34 29 35 ]

Step #81:
[ 1  2  3  4  5  6  ]
[ 7  8  9  10 11 12 ]
[ 13 14 15 16 17 18 ]
[ 19 20 21 22 23 24 ]
[ 25 26 28 33 29 30 ]
[ 31 32 27 34 0  35 ]

Step #82:
[ 1  2  3  4  5  6  ]
[ 7  8  9  10 11 12 ]
[ 13 14 15 16 17 18 ]
[ 19 20 21 22 23 24 ]
[ 25 26 28 33 29 30 ]
[ 31 32 27 0  34 35 ]

Step #83:
[ 1  2  3  4  5  6  ]
[ 7  8  9  10 11 12 ]
[ 13 14 15 16 17 18 ]
[ 19 20 21 22 23 24 ]
[ 25 26 28 0  29 30 ]
[ 31 32 27 33 34 35 ]

Step #84:
[ 1  2  3  4  5  6  ]
[ 7  8  9  10 11 12 ]
[ 13 14 15 16 17 18 ]
[ 19 20 21 22 23 24 ]
[ 25 26 0  28 29 30 ]
[ 31 32 27 33 34 35 ]

Step #85:
[ 1  2  3  4  5  6  ]
[ 7  8  9  10 11 12 ]
[ 13 14 15 16 17 18 ]
[ 19 20 21 22 23 24 ]
[ 25 26 27 28 29 30 ]
[ 31 32 0  33 34 35 ]

Step #86:
[ 1  2  3  4  5  6  ]
[ 7  8  9  10 11 12 ]
[ 13 14 15 16 17 18 ]
[ 19 20 21 22 23 24 ]
[ 25 26 27 28 29 30 ]
[ 31 32 33 0  34 35 ]

Step #87:
[ 1  2  3  4  5  6  ]
[ 7  8  9  10 11 12 ]
[ 13 14 15 16 17 18 ]
[ 19 20 21 22 23 24 ]
[ 25 26 27 28 29 30 ]
[ 31 32 33 34 0  35 ]

Step #88:
[ 1  2  3  4  5  6  ]
[ 7  8  9  10 11 12 ]
[ 13 14 15 16 17 18 ]
[ 19 20 21 22 23 24 ]
[ 25 26 27 28 29 30 ]
[ 31 32 33 34 35 0  ]

