Initial board:
[ 1  2  10 3  4  6  ]
[ 7  9  11 23 5  12 ]
[ 13 8  14 17 16 18 ]
[ 19 20 15 0  24 30 ]
[ 25 21 32 26 22 28 ]
[ 31 27 34 33 29 35 ]

Solution (total nodes 117302):
Step #1:
[ 1  2  10 3  4  6  ]
[ 7  9  11 23 5  12 ]
[ 13 8  14 0  16 18 ]
[ 19 20 15 17 24 30 ]
[ 25 21 32 26 22 28 ]
[ 31 27 34 33 29 35 ]

Step #2:
[ 1  2  10 3  4  6  ]
[ 7  9  11 0  5  12 ]
[ 13 8  14 23 16 18 ]
[ 19 20 15 17 24 30 ]
[ 25 21 32 26 22 28 ]
[ 31 27 34 33 29 35 ]

Step #3:
[ 1  2  10 3  4  6  ]
[ 7  9  0  11 5  12 ]
[ 13 8  14 23 16 18 ]
[ 19 20 15 17 24 30 ]
[ 25 21 32 26 22 28 ]
[ 31 27 34 33 29 35 ]

Step #4:
[ 1  2  10 3  4  6  ]
[ 7  0  9  11 5  12 ]
[ 13 8  14 23 16 18 ]
[ 19 20 15 17 24 30 ]
[ 25 21 32 26 22 28 ]
[ 31 27 34 33 29 35 ]

Step #5:
[ 1  2  10 3  4  6  ]
[ 7  8  9  11 5  12 ]
[ 13 0  14 23 16 18 ]
[ 19 20 15 17 24 30 ]
[ 25 21 32 26 22 28 ]
[ 31 27 34 33 29 35 ]

Step #6:
[ 1  2  10 3  4  6  ]
[ 7  8  9  11 5  12 ]
[ 13 14 0  23 16 18 ]
[ 19 20 15 17 24 30 ]
[ 25 21 32 26 22 28 ]
[ 31 27 34 33 29 35 ]

Step #7:
[ 1  2  10 3  4  6  ]
[ 7  8  9  11 5  12 ]
[ 13 14 15 23 16 18 ]
[ 19 20 0  17 24 30 ]
[ 25 21 32 26 22 28 ]
[ 31 27 34 33 29 35 ]

Step #8:
[ 1  2  10 3  4  6  ]
[ 7  8  9  11 5  12 ]
[ 13 14 15 23 16 18 ]
[ 19 20 17 0  24 30 ]
[ 25 21 32 26 22 28 ]
[ 31 27 34 33 29 35 ]

Step #9:
[ 1  2  10 3  4  6  ]
[ 7  8  9  11 5  12 ]
[ 13 14 15 0  16 18 ]
[ 19 20 17 23 24 30 ]
[ 25 21 32 26 22 28 ]
[ 31 27 34 33 29 35 ]

Step #10:
[ 1  2  10 3  4  6  ]
[ 7  8  9  11 5  12 ]
[ 13 14 15 16 0  18 ]
[ 19 20 17 23 24 30 ]
[ 25 21 32 26 22 28 ]
[ 31 27 34 33 29 35 ]

Step #11:
[ 1  2  10 3  4  6  ]
[ 7  8  9  11 5  12 ]
[ 13 14 15 16 24 18 ]
[ 19 20 17 23 0  30 ]
[ 25 21 32 26 22 28 ]
[ 31 27 34 33 29 35 ]

Step #12:
[ 1  2  10 3  4  6  ]
[ 7  8  9  11 5  12 ]
[ 13 14 15 16 24 18 ]
[ 19 20 17 0  23 30 ]
[ 25 21 32 26 22 28 ]
[ 31 27 34 33 29 35 ]

Step #13:
[ 1  2  10 3  4  6  ]
[ 7  8  9  11 5  12 ]
[ 13 14 15 16 24 18 ]
[ 19 20 0  17 23 30 ]
[ 25 21 32 26 22 28 ]
[ 31 27 34 33 29 35 ]

Step #14:
[ 1  2  10 3  4  6  ]
[ 7  8  9  11 5  12 ]
[ 13 14 15 16 24 18 ]
[ 19 20 32 17 23 30 ]
[ 25 21 0  26 22 28 ]
[ 31 27 34 33 29 35 ]

Step #15:
[ 1  2  10 3  4  6  ]
[ 7  8  9  11 5  12 ]
[ 13 14 15 16 24 18 ]
[ 19 20 32 17 23 30 ]
[ 25 21 26 0  22 28 ]
[ 31 27 34 33 29 35 ]

Step #16:
[ 1  2  10 3  4  6  ]
[ 7  8  9  11 5  12 ]
[ 13 14 15 16 24 18 ]
[ 19 20 32 17 23 30 ]
[ 25 21 26 22 0  28 ]
[ 31 27 34 33 29 35 ]

Step #17:
[ 1  2  10 3  4  6  ]
[ 7  8  9  11 5  12 ]
[ 13 14 15 16 24 18 ]
[ 19 20 32 17 23 30 ]
[ 25 21 26 22 28 0  ]
[ 31 27 34 33 29 35 ]

Step #18:
[ 1  2  10 3  4  6  ]
[ 7  8  9  11 5  12 ]
[ 13 14 15 16 24 18 ]
[ 19 20 32 17 23 0  ]
[ 25 21 26 22 28 30 ]
[ 31 27 34 33 29 35 ]

Step #19:
[ 1  2  10 3  4  6  ]
[ 7  8  9  11 5  12 ]
[ 13 14 15 16 24 18 ]
[ 19 20 32 17 0  23 ]
[ 25 21 26 22 28 30 ]
[ 31 27 34 33 29 35 ]

Step #20:
[ 1  2  10 3  4  6  ]
[ 7  8  9  11 5  12 ]
[ 13 14 15 16 24 18 ]
[ 19 20 32 0  17 23 ]
[ 25 21 26 22 28 30 ]
[ 31 27 34 33 29 35 ]

Step #21:
[ 1  2  10 3  4  6  ]
[ 7  8  9  11 5  12 ]
[ 13 14 15 16 24 18 ]
[ 19 20 32 22 17 23 ]
[ 25 21 26 0  28 30 ]
[ 31 27 34 33 29 35 ]

Step #22:
[ 1  2  10 3  4  6  ]
[ 7  8  9  11 5  12 ]
[ 13 14 15 16 24 18 ]
[ 19 20 32 22 17 23 ]
[ 25 21 26 28 0  30 ]
[ 31 27 34 33 29 35 ]

Step #23:
[ 1  2  10 3  4  6  ]
[ 7  8  9  11 5  12 ]
[ 13 14 15 16 24 18 ]
[ 19 20 32 22 17 23 ]
[ 25 21 26 28 29 30 ]
[ 31 27 34 33 0  35 ]

Step #24:
[ 1  2  10 3  4  6  ]
[ 7  8  9  11 5  12 ]
[ 13 14 15 16 24 18 ]
[ 19 20 32 22 17 23 ]
[ 25 21 26 28 29 30 ]
[ 31 27 34 0  33 35 ]

Step #25:
[ 1  2  10 3  4  6  ]
[ 7  8  9  11 5  12 ]
[ 13 14 15 16 24 18 ]
[ 19 20 32 22 17 23 ]
[ 25 21 26 28 29 30 ]
[ 31 27 0  34 33 35 ]

Step #26:
[ 1  2  10 3  4  6  ]
[ 7  8  9  11 5  12 ]
[ 13 14 15 16 24 18 ]
[ 19 20 32 22 17 23 ]
[ 25 21 26 28 29 30 ]
[ 31 0  27 34 33 35 ]

Step #27:
[ 1  2  10 3  4  6  ]
[ 7  8  9  11 5  12 ]
[ 13 14 15 16 24 18 ]
[ 19 20 32 22 17 23 ]
[ 25 0  26 28 29 30 ]
[ 31 21 27 34 33 35 ]

Step #28:
[ 1  2  10 3  4  6  ]
[ 7  8  9  11 5  12 ]
[ 13 14 15 16 24 18 ]
[ 19 20 32 22 17 23 ]
[ 25 26 0  28 29 30 ]
[ 31 21 27 34 33 35 ]

Step #29:
[ 1  2  10 3  4  6  ]
[ 7  8  9  11 5  12 ]
[ 13 14 15 16 24 18 ]
[ 19 20 0  22 17 23 ]
[ 25 26 32 28 29 30 ]
[ 31 21 27 34 33 35 ]

Step #30:
[ 1  2  10 3  4  6  ]
[ 7  8  9  11 5  12 ]
[ 13 14 15 16 24 18 ]
[ 19 0  20 22 17 23 ]
[ 25 26 32 28 29 30 ]
[ 31 21 27 34 33 35 ]

Step #31:
[ 1  2  10 3  4  6  ]
[ 7  8  9  11 5  12 ]
[ 13 14 15 16 24 18 ]
[ 19 26 20 22 17 23 ]
[ 25 0  32 28 29 30 ]
[ 31 21 27 34 33 35 ]

Step #32:
[ 1  2  10 3  4  6  ]
[ 7  8  9  11 5  12 ]
[ 13 14 15 16 24 18 ]
[ 19 26 20 22 17 23 ]
[ 25 32 0  28 29 30 ]
[ 31 21 27 34 33 35 ]

Step #33:
[ 1  2  10 3  4  6  ]
[ 7  8  9  11 5  12 ]
[ 13 14 15 16 24 18 ]
[ 19 26 20 22 17 23 ]
[ 25 32 27 28 29 30 ]
[ 31 21 0  34 33 35 ]

Step #34:
[ 1  2  10 3  4  6  ]
[ 7  8  9  11 5  12 ]
[ 13 14 15 16 24 18 ]
[ 19 26 20 22 17 23 ]
[ 25 32 27 28 29 30 ]
[ 31 0  21 34 33 35 ]

Step #35:
[ 1  2  10 3  4  6  ]
[ 7  8  9  11 5  12 ]
[ 13 14 15 16 24 18 ]
[ 19 26 20 22 17 23 ]
[ 25 0  27 28 29 30 ]
[ 31 32 21 34 33 35 ]

Step #36:
[ 1  2  10 3  4  6  ]
[ 7  8  9  11 5  12 ]
[ 13 14 15 16 24 18 ]
[ 19 0  20 22 17 23 ]
[ 25 26 27 28 29 30 ]
[ 31 32 21 34 33 35 ]

Step #37:
[ 1  2  10 3  4  6  ]
[ 7  8  9  11 5  12 ]
[ 13 14 15 16 24 18 ]
[ 19 20 0  22 17 23 ]
[ 25 26 27 28 29 30 ]
[ 31 32 21 34 33 35 ]

Step #38:
[ 1  2  10 3  4  6  ]
[ 7  8  9  11 5  12 ]
[ 13 14 0  16 24 18 ]
[ 19 20 15 22 17 23 ]
[ 25 26 27 28 29 30 ]
[ 31 32 21 34 33 35 ]

Step #39:
[ 1  2  10 3  4  6  ]
[ 7  8  0  11 5  12 ]
[ 13 14 9  16 24 18 ]
[ 19 20 15 22 17 23 ]
[ 25 26 27 28 29 30 ]
[ 31 32 21 34 33 35 ]

Step #40:
[ 1  2  0  3  4  6  ]
[ 7  8  10 11 5  12 ]
[ 13 14 9  16 24 18 ]
[ 19 20 15 22 17 23 ]
[ 25 26 27 28 29 30 ]
[ 31 32 21 34 33 35 ]

Step #41:
[ 1  2  3  0  4  6  ]
[ 7  8  10 11 5  12 ]
[ 13 14 9  16 24 18 ]
[ 19 20 15 22 17 23 ]
[ 25 26 27 28 29 30 ]
[ 31 32 21 34 33 35 ]

Step #42:
[ 1  2  3  4  0  6  ]
[ 7  8  10 11 5  12 ]
[ 13 14 9  16 24 18 ]
[ 19 20 15 22 17 23 ]
[ 25 26 27 28 29 30 ]
[ 31 32 21 34 33 35 ]

Step #43:
[ 1  2  3  4  5  6  ]
[ 7  8  10 11 0  12 ]
[ 13 14 9  16 24 18 ]
[ 19 20 15 22 17 23 ]
[ 25 26 27 28 29 30 ]
[ 31 32 21 34 33 35 ]

Step #44:
[ 1  2  3  4  5  6  ]
[ 7  8  10 0  11 12 ]
[ 13 14 9  16 24 18 ]
[ 19 20 15 22 17 23 ]
[ 25 26 27 28 29 30 ]
[ 31 32 21 34 33 35 ]

Step #45:
[ 1  2  3  4  5  6  ]
[ 7  8  0  10 11 12 ]
[ 13 14 9  16 24 18 ]
[ 19 20 15 22 17 23 ]
[ 25 26 27 28 29 30 ]
[ 31 32 21 34 33 35 ]

Step #46:
[ 1  2  3  4  5  6  ]
[ 7  8  9  10 11 12 ]
[ 13 14 0  16 24 18 ]
[ 19 20 15 22 17 23 ]
[ 25 26 27 28 29 30 ]
[ 31 32 21 34 33 35 ]

Step #47:
[ 1  2  3  4  5  6  ]
[ 7  8  9  10 11 12 ]
[ 13 14 15 16 24 18 ]
[ 19 20 0  22 17 23 ]
[ 25 26 27 28 29 30 ]
[ 31 32 21 34 33 35 ]

Step #48:
[ 1  2  3  4  5  6  ]
[ 7  8  9  10 11 12 ]
[ 13 14 15 16 24 18 ]
[ 19 20 22 0  17 23 ]
[ 25 26 27 28 29 30 ]
[ 31 32 21 34 33 35 ]

Step #49:
[ 1  2  3  4  5  6  ]
[ 7  8  9  10 11 12 ]
[ 13 14 15 16 24 18 ]
[ 19 20 22 28 17 23 ]
[ 25 26 27 0  29 30 ]
[ 31 32 21 34 33 35 ]

Step #50:
[ 1  2  3  4  5  6  ]
[ 7  8  9  10 11 12 ]
[ 13 14 15 16 24 18 ]
[ 19 20 22 28 17 23 ]
[ 25 26 0  27 29 30 ]
[ 31 32 21 34 33 35 ]

Step #51:
[ 1  2  3  4  5  6  ]
[ 7  8  9  10 11 12 ]
[ 13 14 15 16 24 18 ]
[ 19 20 22 28 17 23 ]
[ 25 26 21 27 29 30 ]
[ 31 32 0  34 33 35 ]

Step #52:
[ 1  2  3  4  5  6  ]
[ 7  8  9  10 11 12 ]
[ 13 14 15 16 24 18 ]
[ 19 20 22 28 17 23 ]
[ 25 26 21 27 29 30 ]
[ 31 32 34 0  33 35 ]

Step #53:
[ 1  2  3  4  5  6  ]
[ 7  8  9  10 11 12 ]
[ 13 14 15 16 24 18 ]
[ 19 20 22 28 17 23 ]
[ 25 26 21 0  29 30 ]
[ 31 32 34 27 33 35 ]

Step #54:
[ 1  2  3  4  5  6  ]
[ 7  8  9  10 11 12 ]
[ 13 14 15 16 24 18 ]
[ 19 20 22 0  17 23 ]
[ 25 26 21 28 29 30 ]
[ 31 32 34 27 33 35 ]

Step #55:
[ 1  2  3  4  5  6  ]
[ 7  8  9  10 11 12 ]
[ 13 14 15 16 24 18 ]
[ 19 20 0  22 17 23 ]
[ 25 26 21 28 29 30 ]
[ 31 32 34 27 33 35 ]

Step #56:
[ 1  2  3  4  5  6  ]
[ 7  8  9  10 11 12 ]
[ 13 14 15 16 24 18 ]
[ 19 20 21 22 17 23 ]
[ 25 26 0  28 29 30 ]
[ 31 32 34 27 33 35 ]

Step #57:
[ 1  2  3  4  5  6  ]
[ 7  8  9  10 11 12 ]
[ 13 14 15 16 24 18 ]
[ 19 20 21 22 17 23 ]
[ 25 26 34 28 29 30 ]
[ 31 32 0  27 33 35 ]

Step #58:
[ 1  2  3  4  5  6  ]
[ 7  8  9  10 11 12 ]
[ 13 14 15 16 24 18 ]
[ 19 20 21 22 17 23 ]
[ 25 26 34 28 29 30 ]
[ 31 32 27 0  33 35 ]

Step #59:
[ 1  2  3  4  5  6  ]
[ 7  8  9  10 11 12 ]
[ 13 14 15 16 24 18 ]
[ 19 20 21 22 17 23 ]
[ 25 26 34 28 29 30 ]
[ 31 32 27 33 0  35 ]

Step #60:
[ 1  2  3  4  5  6  ]
[ 7  8  9  10 11 12 ]
[ 13 14 15 16 24 18 ]
[ 19 20 21 22 17 23 ]
[ 25 26 34 28 0  30 ]
[ 31 32 27 33 29 35 ]

Step #61:
[ 1  2  3  4  5  6  ]
[ 7  8  9  10 11 12 ]
[ 13 14 15 16 24 18 ]
[ 19 20 21 22 17 23 ]
[ 25 26 34 0  28 30 ]
[ 31 32 27 33 29 35 ]

Step #62:
[ 1  2  3  4  5  6  ]
[ 7  8  9  10 11 12 ]
[ 13 14 15 16 24 18 ]
[ 19 20 21 22 17 23 ]
[ 25 26 0  34 28 30 ]
[ 31 32 27 33 29 35 ]

Step #63:
[ 1  2  3  4  5  6  ]
[ 7  8  9  10 11 12 ]
[ 13 14 15 16 24 18 ]
[ 19 20 21 22 17 23 ]
[ 25 26 27 34 28 30 ]
[ 31 32 0  33 29 35 ]

Step #64:
[ 1  2  3  4  5  6  ]
[ 7  8  9  10 11 12 ]
[ 13 14 15 16 24 18 ]
[ 19 20 21 22 17 23 ]
[ 25 26 27 34 28 30 ]
[ 31 32 33 0  29 35 ]

Step #65:
[ 1  2  3  4  5  6  ]
[ 7  8  9  10 11 12 ]
[ 13 14 15 16 24 18 ]
[ 19 20 21 22 17 23 ]
[ 25 26 27 0  28 30 ]
[ 31 32 33 34 29 35 ]

Step #66:
[ 1  2  3  4  5  6  ]
[ 7  8  9  10 11 12 ]
[ 13 14 15 16 24 18 ]
[ 19 20 21 22 17 23 ]
[ 25 26 27 28 0  30 ]
[ 31 32 33 34 29 35 ]

Step #67:
[ 1  2  3  4  5  6  ]
[ 7  8  9  10 11 12 ]
[ 13 14 15 16 24 18 ]
[ 19 20 21 22 0  23 ]
[ 25 26 27 28 17 30 ]
[ 31 32 33 34 29 35 ]

Step #68:
[ 1  2  3  4  5  6  ]
[ 7  8  9  10 11 12 ]
[ 13 14 15 16 0  18 ]
[ 19 20 21 22 24 23 ]
[ 25 26 27 28 17 30 ]
[ 31 32 33 34 29 35 ]

Step #69:
[ 1  2  3  4  5  6  ]
[ 7  8  9  10 11 12 ]
[ 13 14 15 16 18 0  ]
[ 19 20 21 22 24 23 ]
[ 25 26 27 28 17 30 ]
[ 31 32 33 34 29 35 ]

Step #70:
[ 1  2  3  4  5  6  ]
[ 7  8  9  10 11 12 ]
[ 13 14 15 16 18 23 ]
[ 19 20 21 22 24 0  ]
[ 25 26 27 28 17 30 ]
[ 31 32 33 34 29 35 ]

Step #71:
[ 1  2  3  4  5  6  ]
[ 7  8  9  10 11 12 ]
[ 13 14 15 16 18 23 ]
[ 19 20 21 22 0  24 ]
[ 25 26 27 28 17 30 ]
[ 31 32 33 34 29 35 ]

Step #72:
[ 1  2  3  4  5  6  ]
[ 7  8  9  10 11 12 ]
[ 13 14 15 16 18 23 ]
[ 19 20 21 22 17 24 ]
[ 25 26 27 28 0  30 ]
[ 31 32 33 34 29 35 ]

Step #73:
[ 1  2  3  4  5  6  ]
[ 7  8  9  10 11 12 ]
[ 13 14 15 16 18 23 ]
[ 19 20 21 22 17 24 ]
[ 25 26 27 28 29 30 ]
[ 31 32 33 34 0  35 ]

Step #74:
[ 1  2  3  4  5  6  ]
[ 7  8  9  10 11 12 ]
[ 13 14 15 16 18 23 ]
[ 19 20 21 22 17 24 ]
[ 25 26 27 28 29 30 ]
[ 31 32 33 34 35 0  ]

Step #75:
[ 1  2  3  4  5  6  ]
[ 7  8  9  10 11 12 ]
[ 13 14 15 16 18 23 ]
[ 19 20 21 22 17 24 ]
[ 25 26 27 28 29 0  ]
[ 31 32 33 34 35 30 ]

Step #76:
[ 1  2  3  4  5  6  ]
[ 7  8  9  10 11 12 ]
[ 13 14 15 16 18 23 ]
[ 19 20 21 22 17 0  ]
[ 25 26 27 28 29 24 ]
[ 31 32 33 34 35 30 ]

Step #77:
[ 1  2  3  4  5  6  ]
[ 7  8  9  10 11 12 ]
[ 13 14 15 16 18 0  ]
[ 19 20 21 22 17 23 ]
[ 25 26 27 28 29 24 ]
[ 31 32 33 34 35 30 ]

Step #78:
[ 1  2  3  4  5  6  ]
[ 7  8  9  10 11 12 ]
[ 13 14 15 16 0  18 ]
[ 19 20 21 22 17 23 ]
[ 25 26 27 28 29 24 ]
[ 31 32 33 34 35 30 ]

Step #79:
[ 1  2  3  4  5  6  ]
[ 7  8  9  10 11 12 ]
[ 13 14 15 16 17 18 ]
[ 19 20 21 22 0  23 ]
[ 25 26 27 28 29 24 ]
[ 31 32 33 34 35 30 ]

Step #80:
[ 1  2  3  4  5  6  ]
[ 7  8  9  10 11 12 ]
[ 13 14 15 16 17 18 ]
[ 19 20 21 22 23 0  ]
[ 25 26 27 28 29 24 ]
[ 31 32 33 34 35 30 ]

Step #81:
[ 1  2  3  4  5  6  ]
[ 7  8  9  10 11 12 ]
[ 13 14 15 16 17 18 ]
[ 19 20 21 22 23 24 ]
[ 25 26 27 28 29 0  ]
[ 31 32 33 34 35 30 ]

Step #82:
[ 1  2  3  4  5  6  ]
[ 7  8  9  10 11 12 ]
[ 13 14 15 16 17 18 ]
[ 19 20 21 22 23 24 ]
[ 25 26 27 28 29 30 ]
[ 31 32 33 34 35 0  ]

