Initial board:
[ 1  2  10 3  4  6  ]
[ 7  9  11 23 5  12 ]
[ 13 8  14 17 16 18 ]
[ 19 20 15 0  24 30 ]
[ 25 21 32 26 22 28 ]
[ 31 27 34 33 29 35 ]

Solution (total nodes 109821):
Step #1:
[ 1  2  10 3  4  6  ]
[ 7  9  11 23 5  12 ]
[ 13 8  14 17 16 18 ]
[ 19 20 15 26 24 30 ]
[ 25 21 32 0  22 28 ]
[ 31 27 34 33 29 35 ]

Step #2:
[ 1  2  10 3  4  6  ]
[ 7  9  11 23 5  12 ]
[ 13 8  14 17 16 18 ]
[ 19 20 15 26 24 30 ]
[ 25 21 32 22 0  28 ]
[ 31 27 34 33 29 35 ]

Step #3:
[ 1  2  10 3  4  6  ]
[ 7  9  11 23 5  12 ]
[ 13 8  14 17 16 18 ]
[ 19 20 15 26 24 30 ]
[ 25 21 32 22 28 0  ]
[ 31 27 34 33 29 35 ]

Step #4:
[ 1  2  10 3  4  6  ]
[ 7  9  11 23 5  12 ]
[ 13 8  14 17 16 18 ]
[ 19 20 15 26 24 0  ]
[ 25 21 32 22 28 30 ]
[ 31 27 34 33 29 35 ]

Step #5:
[ 1  2  10 3  4  6  ]
[ 7  9  11 23 5  12 ]
[ 13 8  14 17 16 18 ]
[ 19 20 15 26 0  24 ]
[ 25 21 32 22 28 30 ]
[ 31 27 34 33 29 35 ]

Step #6:
[ 1  2  10 3  4  6  ]
[ 7  9  11 23 5  12 ]
[ 13 8  14 17 16 18 ]
[ 19 20 15 0  26 24 ]
[ 25 21 32 22 28 30 ]
[ 31 27 34 33 29 35 ]

Step #7:
[ 1  2  10 3  4  6  ]
[ 7  9  11 23 5  12 ]
[ 13 8  14 17 16 18 ]
[ 19 20 15 22 26 24 ]
[ 25 21 32 0  28 30 ]
[ 31 27 34 33 29 35 ]

Step #8:
[ 1  2  10 3  4  6  ]
[ 7  9  11 23 5  12 ]
[ 13 8  14 17 16 18 ]
[ 19 20 15 22 26 24 ]
[ 25 21 32 28 0  30 ]
[ 31 27 34 33 29 35 ]

Step #9:
[ 1  2  10 3  4  6  ]
[ 7  9  11 23 5  12 ]
[ 13 8  14 17 16 18 ]
[ 19 20 15 22 0  24 ]
[ 25 21 32 28 26 30 ]
[ 31 27 34 33 29 35 ]

Step #10:
[ 1  2  10 3  4  6  ]
[ 7  9  11 23 5  12 ]
[ 13 8  14 17 0  18 ]
[ 19 20 15 22 16 24 ]
[ 25 21 32 28 26 30 ]
[ 31 27 34 33 29 35 ]

Step #11:
[ 1  2  10 3  4  6  ]
[ 7  9  11 23 5  12 ]
[ 13 8  14 0  17 18 ]
[ 19 20 15 22 16 24 ]
[ 25 21 32 28 26 30 ]
[ 31 27 34 33 29 35 ]

Step #12:
[ 1  2  10 3  4  6  ]
[ 7  9  11 0  5  12 ]
[ 13 8  14 23 17 18 ]
[ 19 20 15 22 16 24 ]
[ 25 21 32 28 26 30 ]
[ 31 27 34 33 29 35 ]

Step #13:
[ 1  2  10 3  4  6  ]
[ 7  9  0  11 5  12 ]
[ 13 8  14 23 17 18 ]
[ 19 20 15 22 16 24 ]
[ 25 21 32 28 26 30 ]
[ 31 27 34 33 29 35 ]

Step #14:
[ 1  2  0  3  4  6  ]
[ 7  9  10 11 5  12 ]
[ 13 8  14 23 17 18 ]
[ 19 20 15 22 16 24 ]
[ 25 21 32 28 26 30 ]
[ 31 27 34 33 29 35 ]

Step #15:
[ 1  2  3  0  4  6  ]
[ 7  9  10 11 5  12 ]
[ 13 8  14 23 17 18 ]
[ 19 20 15 22 16 24 ]
[ 25 21 32 28 26 30 ]
[ 31 27 34 33 29 35 ]

Step #16:
[ 1  2  3  4  0  6  ]
[ 7  9  10 11 5  12 ]
[ 13 8  14 23 17 18 ]
[ 19 20 15 22 16 24 ]
[ 25 21 32 28 26 30 ]
[ 31 27 34 33 29 35 ]

Step #17:
[ 1  2  3  4  5  6  ]
[ 7  9  10 11 0  12 ]
[ 13 8  14 23 17 18 ]
[ 19 20 15 22 16 24 ]
[ 25 21 32 28 26 30 ]
[ 31 27 34 33 29 35 ]

Step #18:
[ 1  2  3  4  5  6  ]
[ 7  9  10 0  11 12 ]
[ 13 8  14 23 17 18 ]
[ 19 20 15 22 16 24 ]
[ 25 21 32 28 26 30 ]
[ 31 27 34 33 29 35 ]

Step #19:
[ 1  2  3  4  5  6  ]
[ 7  9  0  10 11 12 ]
[ 13 8  14 23 17 18 ]
[ 19 20 15 22 16 24 ]
[ 25 21 32 28 26 30 ]
[ 31 27 34 33 29 35 ]

Step #20:
[ 1  2  3  4  5  6  ]
[ 7  0  9  10 11 12 ]
[ 13 8  14 23 17 18 ]
[ 19 20 15 22 16 24 ]
[ 25 21 32 28 26 30 ]
[ 31 27 34 33 29 35 ]

Step #21:
[ 1  2  3  4  5  6  ]
[ 7  8  9  10 11 12 ]
[ 13 0  14 23 17 18 ]
[ 19 20 15 22 16 24 ]
[ 25 21 32 28 26 30 ]
[ 31 27 34 33 29 35 ]

Step #22:
[ 1  2  3  4  5  6  ]
[ 7  8  9  10 11 12 ]
[ 13 14 0  23 17 18 ]
[ 19 20 15 22 16 24 ]
[ 25 21 32 28 26 30 ]
[ 31 27 34 33 29 35 ]

Step #23:
[ 1  2  3  4  5  6  ]
[ 7  8  9  10 11 12 ]
[ 13 14 15 23 17 18 ]
[ 19 20 0  22 16 24 ]
[ 25 21 32 28 26 30 ]
[ 31 27 34 33 29 35 ]

Step #24:
[ 1  2  3  4  5  6  ]
[ 7  8  9  10 11 12 ]
[ 13 14 15 23 17 18 ]
[ 19 20 22 0  16 24 ]
[ 25 21 32 28 26 30 ]
[ 31 27 34 33 29 35 ]

Step #25:
[ 1  2  3  4  5  6  ]
[ 7  8  9  10 11 12 ]
[ 13 14 15 23 17 18 ]
[ 19 20 22 28 16 24 ]
[ 25 21 32 0  26 30 ]
[ 31 27 34 33 29 35 ]

Step #26:
[ 1  2  3  4  5  6  ]
[ 7  8  9  10 11 12 ]
[ 13 14 15 23 17 18 ]
[ 19 20 22 28 16 24 ]
[ 25 21 32 33 26 30 ]
[ 31 27 34 0  29 35 ]

Step #27:
[ 1  2  3  4  5  6  ]
[ 7  8  9  10 11 12 ]
[ 13 14 15 23 17 18 ]
[ 19 20 22 28 16 24 ]
[ 25 21 32 33 26 30 ]
[ 31 27 0  34 29 35 ]

Step #28:
[ 1  2  3  4  5  6  ]
[ 7  8  9  10 11 12 ]
[ 13 14 15 23 17 18 ]
[ 19 20 22 28 16 24 ]
[ 25 21 32 33 26 30 ]
[ 31 0  27 34 29 35 ]

Step #29:
[ 1  2  3  4  5  6  ]
[ 7  8  9  10 11 12 ]
[ 13 14 15 23 17 18 ]
[ 19 20 22 28 16 24 ]
[ 25 0  32 33 26 30 ]
[ 31 21 27 34 29 35 ]

Step #30:
[ 1  2  3  4  5  6  ]
[ 7  8  9  10 11 12 ]
[ 13 14 15 23 17 18 ]
[ 19 20 22 28 16 24 ]
[ 25 32 0  33 26 30 ]
[ 31 21 27 34 29 35 ]

Step #31:
[ 1  2  3  4  5  6  ]
[ 7  8  9  10 11 12 ]
[ 13 14 15 23 17 18 ]
[ 19 20 22 28 16 24 ]
[ 25 32 33 0  26 30 ]
[ 31 21 27 34 29 35 ]

Step #32:
[ 1  2  3  4  5  6  ]
[ 7  8  9  10 11 12 ]
[ 13 14 15 23 17 18 ]
[ 19 20 22 28 16 24 ]
[ 25 32 33 26 0  30 ]
[ 31 21 27 34 29 35 ]

Step #33:
[ 1  2  3  4  5  6  ]
[ 7  8  9  10 11 12 ]
[ 13 14 15 23 17 18 ]
[ 19 20 22 28 16 24 ]
[ 25 32 33 26 29 30 ]
[ 31 21 27 34 0  35 ]

Step #34:
[ 1  2  3  4  5  6  ]
[ 7  8  9  10 11 12 ]
[ 13 14 15 23 17 18 ]
[ 19 20 22 28 16 24 ]
[ 25 32 33 26 29 30 ]
[ 31 21 27 0  34 35 ]

Step #35:
[ 1  2  3  4  5  6  ]
[ 7  8  9  10 11 12 ]
[ 13 14 15 23 17 18 ]
[ 19 20 22 28 16 24 ]
[ 25 32 33 26 29 30 ]
[ 31 21 0  27 34 35 ]

Step #36:
[ 1  2  3  4  5  6  ]
[ 7  8  9  10 11 12 ]
[ 13 14 15 23 17 18 ]
[ 19 20 22 28 16 24 ]
[ 25 32 0  26 29 30 ]
[ 31 21 33 27 34 35 ]

Step #37:
[ 1  2  3  4  5  6  ]
[ 7  8  9  10 11 12 ]
[ 13 14 15 23 17 18 ]
[ 19 20 22 28 16 24 ]
[ 25 32 26 0  29 30 ]
[ 31 21 33 27 34 35 ]

Step #38:
[ 1  2  3  4  5  6  ]
[ 7  8  9  10 11 12 ]
[ 13 14 15 23 17 18 ]
[ 19 20 22 28 16 24 ]
[ 25 32 26 27 29 30 ]
[ 31 21 33 0  34 35 ]

Step #39:
[ 1  2  3  4  5  6  ]
[ 7  8  9  10 11 12 ]
[ 13 14 15 23 17 18 ]
[ 19 20 22 28 16 24 ]
[ 25 32 26 27 29 30 ]
[ 31 21 0  33 34 35 ]

Step #40:
[ 1  2  3  4  5  6  ]
[ 7  8  9  10 11 12 ]
[ 13 14 15 23 17 18 ]
[ 19 20 22 28 16 24 ]
[ 25 32 26 27 29 30 ]
[ 31 0  21 33 34 35 ]

Step #41:
[ 1  2  3  4  5  6  ]
[ 7  8  9  10 11 12 ]
[ 13 14 15 23 17 18 ]
[ 19 20 22 28 16 24 ]
[ 25 0  26 27 29 30 ]
[ 31 32 21 33 34 35 ]

Step #42:
[ 1  2  3  4  5  6  ]
[ 7  8  9  10 11 12 ]
[ 13 14 15 23 17 18 ]
[ 19 20 22 28 16 24 ]
[ 25 26 0  27 29 30 ]
[ 31 32 21 33 34 35 ]

Step #43:
[ 1  2  3  4  5  6  ]
[ 7  8  9  10 11 12 ]
[ 13 14 15 23 17 18 ]
[ 19 20 22 28 16 24 ]
[ 25 26 21 27 29 30 ]
[ 31 32 0  33 34 35 ]

Step #44:
[ 1  2  3  4  5  6  ]
[ 7  8  9  10 11 12 ]
[ 13 14 15 23 17 18 ]
[ 19 20 22 28 16 24 ]
[ 25 26 21 27 29 30 ]
[ 31 32 33 0  34 35 ]

Step #45:
[ 1  2  3  4  5  6  ]
[ 7  8  9  10 11 12 ]
[ 13 14 15 23 17 18 ]
[ 19 20 22 28 16 24 ]
[ 25 26 21 27 29 30 ]
[ 31 32 33 34 0  35 ]

Step #46:
[ 1  2  3  4  5  6  ]
[ 7  8  9  10 11 12 ]
[ 13 14 15 23 17 18 ]
[ 19 20 22 28 16 24 ]
[ 25 26 21 27 0  30 ]
[ 31 32 33 34 29 35 ]

Step #47:
[ 1  2  3  4  5  6  ]
[ 7  8  9  10 11 12 ]
[ 13 14 15 23 17 18 ]
[ 19 20 22 28 0  24 ]
[ 25 26 21 27 16 30 ]
[ 31 32 33 34 29 35 ]

Step #48:
[ 1  2  3  4  5  6  ]
[ 7  8  9  10 11 12 ]
[ 13 14 15 23 17 18 ]
[ 19 20 22 0  28 24 ]
[ 25 26 21 27 16 30 ]
[ 31 32 33 34 29 35 ]

Step #49:
[ 1  2  3  4  5  6  ]
[ 7  8  9  10 11 12 ]
[ 13 14 15 23 17 18 ]
[ 19 20 0  22 28 24 ]
[ 25 26 21 27 16 30 ]
[ 31 32 33 34 29 35 ]

Step #50:
[ 1  2  3  4  5  6  ]
[ 7  8  9  10 11 12 ]
[ 13 14 15 23 17 18 ]
[ 19 20 21 22 28 24 ]
[ 25 26 0  27 16 30 ]
[ 31 32 33 34 29 35 ]

Step #51:
[ 1  2  3  4  5  6  ]
[ 7  8  9  10 11 12 ]
[ 13 14 15 23 17 18 ]
[ 19 20 21 22 28 24 ]
[ 25 26 27 0  16 30 ]
[ 31 32 33 34 29 35 ]

Step #52:
[ 1  2  3  4  5  6  ]
[ 7  8  9  10 11 12 ]
[ 13 14 15 23 17 18 ]
[ 19 20 21 22 28 24 ]
[ 25 26 27 16 0  30 ]
[ 31 32 33 34 29 35 ]

Step #53:
[ 1  2  3  4  5  6  ]
[ 7  8  9  10 11 12 ]
[ 13 14 15 23 17 18 ]
[ 19 20 21 22 0  24 ]
[ 25 26 27 16 28 30 ]
[ 31 32 33 34 29 35 ]

Step #54:
[ 1  2  3  4  5  6  ]
[ 7  8  9  10 11 12 ]
[ 13 14 15 23 17 18 ]
[ 19 20 21 0  22 24 ]
[ 25 26 27 16 28 30 ]
[ 31 32 33 34 29 35 ]

Step #55:
[ 1  2  3  4  5  6  ]
[ 7  8  9  10 11 12 ]
[ 13 14 15 0  17 18 ]
[ 19 20 21 23 22 24 ]
[ 25 26 27 16 28 30 ]
[ 31 32 33 34 29 35 ]

Step #56:
[ 1  2  3  4  5  6  ]
[ 7  8  9  10 11 12 ]
[ 13 14 15 17 0  18 ]
[ 19 20 21 23 22 24 ]
[ 25 26 27 16 28 30 ]
[ 31 32 33 34 29 35 ]

Step #57:
[ 1  2  3  4  5  6  ]
[ 7  8  9  10 11 12 ]
[ 13 14 15 17 22 18 ]
[ 19 20 21 23 0  24 ]
[ 25 26 27 16 28 30 ]
[ 31 32 33 34 29 35 ]

Step #58:
[ 1  2  3  4  5  6  ]
[ 7  8  9  10 11 12 ]
[ 13 14 15 17 22 18 ]
[ 19 20 21 0  23 24 ]
[ 25 26 27 16 28 30 ]
[ 31 32 33 34 29 35 ]

Step #59:
[ 1  2  3  4  5  6  ]
[ 7  8  9  10 11 12 ]
[ 13 14 15 17 22 18 ]
[ 19 20 21 16 23 24 ]
[ 25 26 27 0  28 30 ]
[ 31 32 33 34 29 35 ]

Step #60:
[ 1  2  3  4  5  6  ]
[ 7  8  9  10 11 12 ]
[ 13 14 15 17 22 18 ]
[ 19 20 21 16 23 24 ]
[ 25 26 27 28 0  30 ]
[ 31 32 33 34 29 35 ]

Step #61:
[ 1  2  3  4  5  6  ]
[ 7  8  9  10 11 12 ]
[ 13 14 15 17 22 18 ]
[ 19 20 21 16 0  24 ]
[ 25 26 27 28 23 30 ]
[ 31 32 33 34 29 35 ]

Step #62:
[ 1  2  3  4  5  6  ]
[ 7  8  9  10 11 12 ]
[ 13 14 15 17 0  18 ]
[ 19 20 21 16 22 24 ]
[ 25 26 27 28 23 30 ]
[ 31 32 33 34 29 35 ]

Step #63:
[ 1  2  3  4  5  6  ]
[ 7  8  9  10 11 12 ]
[ 13 14 15 0  17 18 ]
[ 19 20 21 16 22 24 ]
[ 25 26 27 28 23 30 ]
[ 31 32 33 34 29 35 ]

Step #64:
[ 1  2  3  4  5  6  ]
[ 7  8  9  10 11 12 ]
[ 13 14 15 16 17 18 ]
[ 19 20 21 0  22 24 ]
[ 25 26 27 28 23 30 ]
[ 31 32 33 34 29 35 ]

Step #65:
[ 1  2  3  4  5  6  ]
[ 7  8  9  10 11 12 ]
[ 13 14 15 16 17 18 ]
[ 19 20 21 22 0  24 ]
[ 25 26 27 28 23 30 ]
[ 31 32 33 34 29 35 ]

Step #66:
[ 1  2  3  4  5  6  ]
[ 7  8  9  10 11 12 ]
[ 13 14 15 16 17 18 ]
[ 19 20 21 22 23 24 ]
[ 25 26 27 28 0  30 ]
[ 31 32 33 34 29 35 ]

Step #67:
[ 1  2  3  4  5  6  ]
[ 7  8  9  10 11 12 ]
[ 13 14 15 16 17 18 ]
[ 19 20 21 22 23 24 ]
[ 25 26 27 28 29 30 ]
[ 31 32 33 34 0  35 ]

Step #68:
[ 1  2  3  4  5  6  ]
[ 7  8  9  10 11 12 ]
[ 13 14 15 16 17 18 ]
[ 19 20 21 22 23 24 ]
[ 25 26 27 28 29 30 ]
[ 31 32 33 34 35 0  ]

