Initial board:
[ 0  3  4  5  9  ]
[ 2  6  14 8  10 ]
[ 1  7  17 15 18 ]
[ 13 12 22 11 19 ]
[ 21 24 23 16 20 ]

Solution (total nodes 248472):
Step #1:
[ 2  3  4  5  9  ]
[ 0  6  14 8  10 ]
[ 1  7  17 15 18 ]
[ 13 12 22 11 19 ]
[ 21 24 23 16 20 ]

Step #2:
[ 2  3  4  5  9  ]
[ 6  0  14 8  10 ]
[ 1  7  17 15 18 ]
[ 13 12 22 11 19 ]
[ 21 24 23 16 20 ]

Step #3:
[ 2  3  4  5  9  ]
[ 6  7  14 8  10 ]
[ 1  0  17 15 18 ]
[ 13 12 22 11 19 ]
[ 21 24 23 16 20 ]

Step #4:
[ 2  3  4  5  9  ]
[ 6  7  14 8  10 ]
[ 1  17 0  15 18 ]
[ 13 12 22 11 19 ]
[ 21 24 23 16 20 ]

Step #5:
[ 2  3  4  5  9  ]
[ 6  7  0  8  10 ]
[ 1  17 14 15 18 ]
[ 13 12 22 11 19 ]
[ 21 24 23 16 20 ]

Step #6:
[ 2  3  4  5  9  ]
[ 6  7  8  0  10 ]
[ 1  17 14 15 18 ]
[ 13 12 22 11 19 ]
[ 21 24 23 16 20 ]

Step #7:
[ 2  3  4  5  9  ]
[ 6  7  8  10 0  ]
[ 1  17 14 15 18 ]
[ 13 12 22 11 19 ]
[ 21 24 23 16 20 ]

Step #8:
[ 2  3  4  5  0  ]
[ 6  7  8  10 9  ]
[ 1  17 14 15 18 ]
[ 13 12 22 11 19 ]
[ 21 24 23 16 20 ]

Step #9:
[ 2  3  4  0  5  ]
[ 6  7  8  10 9  ]
[ 1  17 14 15 18 ]
[ 13 12 22 11 19 ]
[ 21 24 23 16 20 ]

Step #10:
[ 2  3  0  4  5  ]
[ 6  7  8  10 9  ]
[ 1  17 14 15 18 ]
[ 13 12 22 11 19 ]
[ 21 24 23 16 20 ]

Step #11:
[ 2  0  3  4  5  ]
[ 6  7  8  10 9  ]
[ 1  17 14 15 18 ]
[ 13 12 22 11 19 ]
[ 21 24 23 16 20 ]

Step #12:
[ 0  2  3  4  5  ]
[ 6  7  8  10 9  ]
[ 1  17 14 15 18 ]
[ 13 12 22 11 19 ]
[ 21 24 23 16 20 ]

Step #13:
[ 6  2  3  4  5  ]
[ 0  7  8  10 9  ]
[ 1  17 14 15 18 ]
[ 13 12 22 11 19 ]
[ 21 24 23 16 20 ]

Step #14:
[ 6  2  3  4  5  ]
[ 1  7  8  10 9  ]
[ 0  17 14 15 18 ]
[ 13 12 22 11 19 ]
[ 21 24 23 16 20 ]

Step #15:
[ 6  2  3  4  5  ]
[ 1  7  8  10 9  ]
[ 13 17 14 15 18 ]
[ 0  12 22 11 19 ]
[ 21 24 23 16 20 ]

Step #16:
[ 6  2  3  4  5  ]
[ 1  7  8  10 9  ]
[ 13 17 14 15 18 ]
[ 12 0  22 11 19 ]
[ 21 24 23 16 20 ]

Step #17:
[ 6  2  3  4  5  ]
[ 1  7  8  10 9  ]
[ 13 17 14 15 18 ]
[ 12 22 0  11 19 ]
[ 21 24 23 16 20 ]

Step #18:
[ 6  2  3  4  5  ]
[ 1  7  8  10 9  ]
[ 13 17 14 15 18 ]
[ 12 22 11 0  19 ]
[ 21 24 23 16 20 ]

Step #19:
[ 6  2  3  4  5  ]
[ 1  7  8  10 9  ]
[ 13 17 14 15 18 ]
[ 12 22 11 19 0  ]
[ 21 24 23 16 20 ]

Step #20:
[ 6  2  3  4  5  ]
[ 1  7  8  10 9  ]
[ 13 17 14 15 0  ]
[ 12 22 11 19 18 ]
[ 21 24 23 16 20 ]

Step #21:
[ 6  2  3  4  5  ]
[ 1  7  8  10 9  ]
[ 13 17 14 0  15 ]
[ 12 22 11 19 18 ]
[ 21 24 23 16 20 ]

Step #22:
[ 6  2  3  4  5  ]
[ 1  7  8  10 9  ]
[ 13 17 0  14 15 ]
[ 12 22 11 19 18 ]
[ 21 24 23 16 20 ]

Step #23:
[ 6  2  3  4  5  ]
[ 1  7  8  10 9  ]
[ 13 17 11 14 15 ]
[ 12 22 0  19 18 ]
[ 21 24 23 16 20 ]

Step #24:
[ 6  2  3  4  5  ]
[ 1  7  8  10 9  ]
[ 13 17 11 14 15 ]
[ 12 0  22 19 18 ]
[ 21 24 23 16 20 ]

Step #25:
[ 6  2  3  4  5  ]
[ 1  7  8  10 9  ]
[ 13 0  11 14 15 ]
[ 12 17 22 19 18 ]
[ 21 24 23 16 20 ]

Step #26:
[ 6  2  3  4  5  ]
[ 1  7  8  10 9  ]
[ 0  13 11 14 15 ]
[ 12 17 22 19 18 ]
[ 21 24 23 16 20 ]

Step #27:
[ 6  2  3  4  5  ]
[ 1  7  8  10 9  ]
[ 12 13 11 14 15 ]
[ 0  17 22 19 18 ]
[ 21 24 23 16 20 ]

Step #28:
[ 6  2  3  4  5  ]
[ 1  7  8  10 9  ]
[ 12 13 11 14 15 ]
[ 17 0  22 19 18 ]
[ 21 24 23 16 20 ]

Step #29:
[ 6  2  3  4  5  ]
[ 1  7  8  10 9  ]
[ 12 13 11 14 15 ]
[ 17 22 0  19 18 ]
[ 21 24 23 16 20 ]

Step #30:
[ 6  2  3  4  5  ]
[ 1  7  8  10 9  ]
[ 12 13 11 14 15 ]
[ 17 22 23 19 18 ]
[ 21 24 0  16 20 ]

Step #31:
[ 6  2  3  4  5  ]
[ 1  7  8  10 9  ]
[ 12 13 11 14 15 ]
[ 17 22 23 19 18 ]
[ 21 0  24 16 20 ]

Step #32:
[ 6  2  3  4  5  ]
[ 1  7  8  10 9  ]
[ 12 13 11 14 15 ]
[ 17 0  23 19 18 ]
[ 21 22 24 16 20 ]

Step #33:
[ 6  2  3  4  5  ]
[ 1  7  8  10 9  ]
[ 12 0  11 14 15 ]
[ 17 13 23 19 18 ]
[ 21 22 24 16 20 ]

Step #34:
[ 6  2  3  4  5  ]
[ 1  7  8  10 9  ]
[ 12 11 0  14 15 ]
[ 17 13 23 19 18 ]
[ 21 22 24 16 20 ]

Step #35:
[ 6  2  3  4  5  ]
[ 1  7  8  10 9  ]
[ 12 11 14 0  15 ]
[ 17 13 23 19 18 ]
[ 21 22 24 16 20 ]

Step #36:
[ 6  2  3  4  5  ]
[ 1  7  8  10 9  ]
[ 12 11 14 19 15 ]
[ 17 13 23 0  18 ]
[ 21 22 24 16 20 ]

Step #37:
[ 6  2  3  4  5  ]
[ 1  7  8  10 9  ]
[ 12 11 14 19 15 ]
[ 17 13 23 16 18 ]
[ 21 22 24 0  20 ]

Step #38:
[ 6  2  3  4  5  ]
[ 1  7  8  10 9  ]
[ 12 11 14 19 15 ]
[ 17 13 23 16 18 ]
[ 21 22 0  24 20 ]

Step #39:
[ 6  2  3  4  5  ]
[ 1  7  8  10 9  ]
[ 12 11 14 19 15 ]
[ 17 13 0  16 18 ]
[ 21 22 23 24 20 ]

Step #40:
[ 6  2  3  4  5  ]
[ 1  7  8  10 9  ]
[ 12 11 14 19 15 ]
[ 17 13 16 0  18 ]
[ 21 22 23 24 20 ]

Step #41:
[ 6  2  3  4  5  ]
[ 1  7  8  10 9  ]
[ 12 11 14 0  15 ]
[ 17 13 16 19 18 ]
[ 21 22 23 24 20 ]

Step #42:
[ 6  2  3  4  5  ]
[ 1  7  8  10 9  ]
[ 12 11 0  14 15 ]
[ 17 13 16 19 18 ]
[ 21 22 23 24 20 ]

Step #43:
[ 6  2  3  4  5  ]
[ 1  7  8  10 9  ]
[ 12 11 16 14 15 ]
[ 17 13 0  19 18 ]
[ 21 22 23 24 20 ]

Step #44:
[ 6  2  3  4  5  ]
[ 1  7  8  10 9  ]
[ 12 11 16 14 15 ]
[ 17 0  13 19 18 ]
[ 21 22 23 24 20 ]

Step #45:
[ 6  2  3  4  5  ]
[ 1  7  8  10 9  ]
[ 12 11 16 14 15 ]
[ 0  17 13 19 18 ]
[ 21 22 23 24 20 ]

Step #46:
[ 6  2  3  4  5  ]
[ 1  7  8  10 9  ]
[ 0  11 16 14 15 ]
[ 12 17 13 19 18 ]
[ 21 22 23 24 20 ]

Step #47:
[ 6  2  3  4  5  ]
[ 0  7  8  10 9  ]
[ 1  11 16 14 15 ]
[ 12 17 13 19 18 ]
[ 21 22 23 24 20 ]

Step #48:
[ 0  2  3  4  5  ]
[ 6  7  8  10 9  ]
[ 1  11 16 14 15 ]
[ 12 17 13 19 18 ]
[ 21 22 23 24 20 ]

Step #49:
[ 2  0  3  4  5  ]
[ 6  7  8  10 9  ]
[ 1  11 16 14 15 ]
[ 12 17 13 19 18 ]
[ 21 22 23 24 20 ]

Step #50:
[ 2  7  3  4  5  ]
[ 6  0  8  10 9  ]
[ 1  11 16 14 15 ]
[ 12 17 13 19 18 ]
[ 21 22 23 24 20 ]

Step #51:
[ 2  7  3  4  5  ]
[ 0  6  8  10 9  ]
[ 1  11 16 14 15 ]
[ 12 17 13 19 18 ]
[ 21 22 23 24 20 ]

Step #52:
[ 2  7  3  4  5  ]
[ 1  6  8  10 9  ]
[ 0  11 16 14 15 ]
[ 12 17 13 19 18 ]
[ 21 22 23 24 20 ]

Step #53:
[ 2  7  3  4  5  ]
[ 1  6  8  10 9  ]
[ 11 0  16 14 15 ]
[ 12 17 13 19 18 ]
[ 21 22 23 24 20 ]

Step #54:
[ 2  7  3  4  5  ]
[ 1  6  8  10 9  ]
[ 11 16 0  14 15 ]
[ 12 17 13 19 18 ]
[ 21 22 23 24 20 ]

Step #55:
[ 2  7  3  4  5  ]
[ 1  6  8  10 9  ]
[ 11 16 13 14 15 ]
[ 12 17 0  19 18 ]
[ 21 22 23 24 20 ]

Step #56:
[ 2  7  3  4  5  ]
[ 1  6  8  10 9  ]
[ 11 16 13 14 15 ]
[ 12 0  17 19 18 ]
[ 21 22 23 24 20 ]

Step #57:
[ 2  7  3  4  5  ]
[ 1  6  8  10 9  ]
[ 11 0  13 14 15 ]
[ 12 16 17 19 18 ]
[ 21 22 23 24 20 ]

Step #58:
[ 2  7  3  4  5  ]
[ 1  0  8  10 9  ]
[ 11 6  13 14 15 ]
[ 12 16 17 19 18 ]
[ 21 22 23 24 20 ]

Step #59:
[ 2  0  3  4  5  ]
[ 1  7  8  10 9  ]
[ 11 6  13 14 15 ]
[ 12 16 17 19 18 ]
[ 21 22 23 24 20 ]

Step #60:
[ 0  2  3  4  5  ]
[ 1  7  8  10 9  ]
[ 11 6  13 14 15 ]
[ 12 16 17 19 18 ]
[ 21 22 23 24 20 ]

Step #61:
[ 1  2  3  4  5  ]
[ 0  7  8  10 9  ]
[ 11 6  13 14 15 ]
[ 12 16 17 19 18 ]
[ 21 22 23 24 20 ]

Step #62:
[ 1  2  3  4  5  ]
[ 11 7  8  10 9  ]
[ 0  6  13 14 15 ]
[ 12 16 17 19 18 ]
[ 21 22 23 24 20 ]

Step #63:
[ 1  2  3  4  5  ]
[ 11 7  8  10 9  ]
[ 12 6  13 14 15 ]
[ 0  16 17 19 18 ]
[ 21 22 23 24 20 ]

Step #64:
[ 1  2  3  4  5  ]
[ 11 7  8  10 9  ]
[ 12 6  13 14 15 ]
[ 16 0  17 19 18 ]
[ 21 22 23 24 20 ]

Step #65:
[ 1  2  3  4  5  ]
[ 11 7  8  10 9  ]
[ 12 6  13 14 15 ]
[ 16 17 0  19 18 ]
[ 21 22 23 24 20 ]

Step #66:
[ 1  2  3  4  5  ]
[ 11 7  8  10 9  ]
[ 12 6  0  14 15 ]
[ 16 17 13 19 18 ]
[ 21 22 23 24 20 ]

Step #67:
[ 1  2  3  4  5  ]
[ 11 7  0  10 9  ]
[ 12 6  8  14 15 ]
[ 16 17 13 19 18 ]
[ 21 22 23 24 20 ]

Step #68:
[ 1  2  3  4  5  ]
[ 11 0  7  10 9  ]
[ 12 6  8  14 15 ]
[ 16 17 13 19 18 ]
[ 21 22 23 24 20 ]

Step #69:
[ 1  2  3  4  5  ]
[ 11 6  7  10 9  ]
[ 12 0  8  14 15 ]
[ 16 17 13 19 18 ]
[ 21 22 23 24 20 ]

Step #70:
[ 1  2  3  4  5  ]
[ 11 6  7  10 9  ]
[ 0  12 8  14 15 ]
[ 16 17 13 19 18 ]
[ 21 22 23 24 20 ]

Step #71:
[ 1  2  3  4  5  ]
[ 0  6  7  10 9  ]
[ 11 12 8  14 15 ]
[ 16 17 13 19 18 ]
[ 21 22 23 24 20 ]

Step #72:
[ 1  2  3  4  5  ]
[ 6  0  7  10 9  ]
[ 11 12 8  14 15 ]
[ 16 17 13 19 18 ]
[ 21 22 23 24 20 ]

Step #73:
[ 1  2  3  4  5  ]
[ 6  7  0  10 9  ]
[ 11 12 8  14 15 ]
[ 16 17 13 19 18 ]
[ 21 22 23 24 20 ]

Step #74:
[ 1  2  3  4  5  ]
[ 6  7  8  10 9  ]
[ 11 12 0  14 15 ]
[ 16 17 13 19 18 ]
[ 21 22 23 24 20 ]

Step #75:
[ 1  2  3  4  5  ]
[ 6  7  8  10 9  ]
[ 11 12 14 0  15 ]
[ 16 17 13 19 18 ]
[ 21 22 23 24 20 ]

Step #76:
[ 1  2  3  4  5  ]
[ 6  7  8  0  9  ]
[ 11 12 14 10 15 ]
[ 16 17 13 19 18 ]
[ 21 22 23 24 20 ]

Step #77:
[ 1  2  3  4  5  ]
[ 6  7  8  9  0  ]
[ 11 12 14 10 15 ]
[ 16 17 13 19 18 ]
[ 21 22 23 24 20 ]

Step #78:
[ 1  2  3  4  5  ]
[ 6  7  8  9  15 ]
[ 11 12 14 10 0  ]
[ 16 17 13 19 18 ]
[ 21 22 23 24 20 ]

Step #79:
[ 1  2  3  4  5  ]
[ 6  7  8  9  15 ]
[ 11 12 14 0  10 ]
[ 16 17 13 19 18 ]
[ 21 22 23 24 20 ]

Step #80:
[ 1  2  3  4  5  ]
[ 6  7  8  9  15 ]
[ 11 12 14 19 10 ]
[ 16 17 13 0  18 ]
[ 21 22 23 24 20 ]

Step #81:
[ 1  2  3  4  5  ]
[ 6  7  8  9  15 ]
[ 11 12 14 19 10 ]
[ 16 17 13 18 0  ]
[ 21 22 23 24 20 ]

Step #82:
[ 1  2  3  4  5  ]
[ 6  7  8  9  15 ]
[ 11 12 14 19 0  ]
[ 16 17 13 18 10 ]
[ 21 22 23 24 20 ]

Step #83:
[ 1  2  3  4  5  ]
[ 6  7  8  9  15 ]
[ 11 12 14 0  19 ]
[ 16 17 13 18 10 ]
[ 21 22 23 24 20 ]

Step #84:
[ 1  2  3  4  5  ]
[ 6  7  8  9  15 ]
[ 11 12 0  14 19 ]
[ 16 17 13 18 10 ]
[ 21 22 23 24 20 ]

Step #85:
[ 1  2  3  4  5  ]
[ 6  7  8  9  15 ]
[ 11 12 13 14 19 ]
[ 16 17 0  18 10 ]
[ 21 22 23 24 20 ]

Step #86:
[ 1  2  3  4  5  ]
[ 6  7  8  9  15 ]
[ 11 12 13 14 19 ]
[ 16 17 18 0  10 ]
[ 21 22 23 24 20 ]

Step #87:
[ 1  2  3  4  5  ]
[ 6  7  8  9  15 ]
[ 11 12 13 14 19 ]
[ 16 17 18 10 0  ]
[ 21 22 23 24 20 ]

Step #88:
[ 1  2  3  4  5  ]
[ 6  7  8  9  15 ]
[ 11 12 13 14 0  ]
[ 16 17 18 10 19 ]
[ 21 22 23 24 20 ]

Step #89:
[ 1  2  3  4  5  ]
[ 6  7  8  9  0  ]
[ 11 12 13 14 15 ]
[ 16 17 18 10 19 ]
[ 21 22 23 24 20 ]

Step #90:
[ 1  2  3  4  5  ]
[ 6  7  8  0  9  ]
[ 11 12 13 14 15 ]
[ 16 17 18 10 19 ]
[ 21 22 23 24 20 ]

Step #91:
[ 1  2  3  4  5  ]
[ 6  7  8  14 9  ]
[ 11 12 13 0  15 ]
[ 16 17 18 10 19 ]
[ 21 22 23 24 20 ]

Step #92:
[ 1  2  3  4  5  ]
[ 6  7  8  14 9  ]
[ 11 12 13 10 15 ]
[ 16 17 18 0  19 ]
[ 21 22 23 24 20 ]

Step #93:
[ 1  2  3  4  5  ]
[ 6  7  8  14 9  ]
[ 11 12 13 10 15 ]
[ 16 17 18 19 0  ]
[ 21 22 23 24 20 ]

Step #94:
[ 1  2  3  4  5  ]
[ 6  7  8  14 9  ]
[ 11 12 13 10 0  ]
[ 16 17 18 19 15 ]
[ 21 22 23 24 20 ]

Step #95:
[ 1  2  3  4  5  ]
[ 6  7  8  14 9  ]
[ 11 12 13 0  10 ]
[ 16 17 18 19 15 ]
[ 21 22 23 24 20 ]

Step #96:
[ 1  2  3  4  5  ]
[ 6  7  8  0  9  ]
[ 11 12 13 14 10 ]
[ 16 17 18 19 15 ]
[ 21 22 23 24 20 ]

Step #97:
[ 1  2  3  4  5  ]
[ 6  7  8  9  0  ]
[ 11 12 13 14 10 ]
[ 16 17 18 19 15 ]
[ 21 22 23 24 20 ]

Step #98:
[ 1  2  3  4  5  ]
[ 6  7  8  9  10 ]
[ 11 12 13 14 0  ]
[ 16 17 18 19 15 ]
[ 21 22 23 24 20 ]

Step #99:
[ 1  2  3  4  5  ]
[ 6  7  8  9  10 ]
[ 11 12 13 14 15 ]
[ 16 17 18 19 0  ]
[ 21 22 23 24 20 ]

Step #100:
[ 1  2  3  4  5  ]
[ 6  7  8  9  10 ]
[ 11 12 13 14 15 ]
[ 16 17 18 19 20 ]
[ 21 22 23 24 0  ]

