Initial board:
[ 0  3  4  5  9  ]
[ 2  6  14 8  10 ]
[ 1  7  17 15 18 ]
[ 13 12 22 11 19 ]
[ 21 24 23 16 20 ]

Solution (total nodes 1944224):
Step #1:
[ 2  3  4  5  9  ]
[ 0  6  14 8  10 ]
[ 1  7  17 15 18 ]
[ 13 12 22 11 19 ]
[ 21 24 23 16 20 ]

Step #2:
[ 2  3  4  5  9  ]
[ 6  0  14 8  10 ]
[ 1  7  17 15 18 ]
[ 13 12 22 11 19 ]
[ 21 24 23 16 20 ]

Step #3:
[ 2  3  4  5  9  ]
[ 6  7  14 8  10 ]
[ 1  0  17 15 18 ]
[ 13 12 22 11 19 ]
[ 21 24 23 16 20 ]

Step #4:
[ 2  3  4  5  9  ]
[ 6  7  14 8  10 ]
[ 1  17 0  15 18 ]
[ 13 12 22 11 19 ]
[ 21 24 23 16 20 ]

Step #5:
[ 2  3  4  5  9  ]
[ 6  7  0  8  10 ]
[ 1  17 14 15 18 ]
[ 13 12 22 11 19 ]
[ 21 24 23 16 20 ]

Step #6:
[ 2  3  4  5  9  ]
[ 6  7  8  0  10 ]
[ 1  17 14 15 18 ]
[ 13 12 22 11 19 ]
[ 21 24 23 16 20 ]

Step #7:
[ 2  3  4  5  9  ]
[ 6  7  8  10 0  ]
[ 1  17 14 15 18 ]
[ 13 12 22 11 19 ]
[ 21 24 23 16 20 ]

Step #8:
[ 2  3  4  5  0  ]
[ 6  7  8  10 9  ]
[ 1  17 14 15 18 ]
[ 13 12 22 11 19 ]
[ 21 24 23 16 20 ]

Step #9:
[ 2  3  4  0  5  ]
[ 6  7  8  10 9  ]
[ 1  17 14 15 18 ]
[ 13 12 22 11 19 ]
[ 21 24 23 16 20 ]

Step #10:
[ 2  3  0  4  5  ]
[ 6  7  8  10 9  ]
[ 1  17 14 15 18 ]
[ 13 12 22 11 19 ]
[ 21 24 23 16 20 ]

Step #11:
[ 2  0  3  4  5  ]
[ 6  7  8  10 9  ]
[ 1  17 14 15 18 ]
[ 13 12 22 11 19 ]
[ 21 24 23 16 20 ]

Step #12:
[ 0  2  3  4  5  ]
[ 6  7  8  10 9  ]
[ 1  17 14 15 18 ]
[ 13 12 22 11 19 ]
[ 21 24 23 16 20 ]

Step #13:
[ 6  2  3  4  5  ]
[ 0  7  8  10 9  ]
[ 1  17 14 15 18 ]
[ 13 12 22 11 19 ]
[ 21 24 23 16 20 ]

Step #14:
[ 6  2  3  4  5  ]
[ 1  7  8  10 9  ]
[ 0  17 14 15 18 ]
[ 13 12 22 11 19 ]
[ 21 24 23 16 20 ]

Step #15:
[ 6  2  3  4  5  ]
[ 1  7  8  10 9  ]
[ 13 17 14 15 18 ]
[ 0  12 22 11 19 ]
[ 21 24 23 16 20 ]

Step #16:
[ 6  2  3  4  5  ]
[ 1  7  8  10 9  ]
[ 13 17 14 15 18 ]
[ 12 0  22 11 19 ]
[ 21 24 23 16 20 ]

Step #17:
[ 6  2  3  4  5  ]
[ 1  7  8  10 9  ]
[ 13 17 14 15 18 ]
[ 12 22 0  11 19 ]
[ 21 24 23 16 20 ]

Step #18:
[ 6  2  3  4  5  ]
[ 1  7  8  10 9  ]
[ 13 17 14 15 18 ]
[ 12 22 11 0  19 ]
[ 21 24 23 16 20 ]

Step #19:
[ 6  2  3  4  5  ]
[ 1  7  8  10 9  ]
[ 13 17 14 15 18 ]
[ 12 22 11 19 0  ]
[ 21 24 23 16 20 ]

Step #20:
[ 6  2  3  4  5  ]
[ 1  7  8  10 9  ]
[ 13 17 14 15 0  ]
[ 12 22 11 19 18 ]
[ 21 24 23 16 20 ]

Step #21:
[ 6  2  3  4  5  ]
[ 1  7  8  10 9  ]
[ 13 17 14 0  15 ]
[ 12 22 11 19 18 ]
[ 21 24 23 16 20 ]

Step #22:
[ 6  2  3  4  5  ]
[ 1  7  8  10 9  ]
[ 13 17 14 19 15 ]
[ 12 22 11 0  18 ]
[ 21 24 23 16 20 ]

Step #23:
[ 6  2  3  4  5  ]
[ 1  7  8  10 9  ]
[ 13 17 14 19 15 ]
[ 12 22 11 16 18 ]
[ 21 24 23 0  20 ]

Step #24:
[ 6  2  3  4  5  ]
[ 1  7  8  10 9  ]
[ 13 17 14 19 15 ]
[ 12 22 11 16 18 ]
[ 21 24 0  23 20 ]

Step #25:
[ 6  2  3  4  5  ]
[ 1  7  8  10 9  ]
[ 13 17 14 19 15 ]
[ 12 22 11 16 18 ]
[ 21 0  24 23 20 ]

Step #26:
[ 6  2  3  4  5  ]
[ 1  7  8  10 9  ]
[ 13 17 14 19 15 ]
[ 12 0  11 16 18 ]
[ 21 22 24 23 20 ]

Step #27:
[ 6  2  3  4  5  ]
[ 1  7  8  10 9  ]
[ 13 17 14 19 15 ]
[ 12 11 0  16 18 ]
[ 21 22 24 23 20 ]

Step #28:
[ 6  2  3  4  5  ]
[ 1  7  8  10 9  ]
[ 13 17 14 19 15 ]
[ 12 11 16 0  18 ]
[ 21 22 24 23 20 ]

Step #29:
[ 6  2  3  4  5  ]
[ 1  7  8  10 9  ]
[ 13 17 14 0  15 ]
[ 12 11 16 19 18 ]
[ 21 22 24 23 20 ]

Step #30:
[ 6  2  3  4  5  ]
[ 1  7  8  10 9  ]
[ 13 17 0  14 15 ]
[ 12 11 16 19 18 ]
[ 21 22 24 23 20 ]

Step #31:
[ 6  2  3  4  5  ]
[ 1  7  8  10 9  ]
[ 13 0  17 14 15 ]
[ 12 11 16 19 18 ]
[ 21 22 24 23 20 ]

Step #32:
[ 6  2  3  4  5  ]
[ 1  7  8  10 9  ]
[ 0  13 17 14 15 ]
[ 12 11 16 19 18 ]
[ 21 22 24 23 20 ]

Step #33:
[ 6  2  3  4  5  ]
[ 0  7  8  10 9  ]
[ 1  13 17 14 15 ]
[ 12 11 16 19 18 ]
[ 21 22 24 23 20 ]

Step #34:
[ 6  2  3  4  5  ]
[ 7  0  8  10 9  ]
[ 1  13 17 14 15 ]
[ 12 11 16 19 18 ]
[ 21 22 24 23 20 ]

Step #35:
[ 6  2  3  4  5  ]
[ 7  13 8  10 9  ]
[ 1  0  17 14 15 ]
[ 12 11 16 19 18 ]
[ 21 22 24 23 20 ]

Step #36:
[ 6  2  3  4  5  ]
[ 7  13 8  10 9  ]
[ 0  1  17 14 15 ]
[ 12 11 16 19 18 ]
[ 21 22 24 23 20 ]

Step #37:
[ 6  2  3  4  5  ]
[ 7  13 8  10 9  ]
[ 12 1  17 14 15 ]
[ 0  11 16 19 18 ]
[ 21 22 24 23 20 ]

Step #38:
[ 6  2  3  4  5  ]
[ 7  13 8  10 9  ]
[ 12 1  17 14 15 ]
[ 11 0  16 19 18 ]
[ 21 22 24 23 20 ]

Step #39:
[ 6  2  3  4  5  ]
[ 7  13 8  10 9  ]
[ 12 1  17 14 15 ]
[ 11 16 0  19 18 ]
[ 21 22 24 23 20 ]

Step #40:
[ 6  2  3  4  5  ]
[ 7  13 8  10 9  ]
[ 12 1  0  14 15 ]
[ 11 16 17 19 18 ]
[ 21 22 24 23 20 ]

Step #41:
[ 6  2  3  4  5  ]
[ 7  13 0  10 9  ]
[ 12 1  8  14 15 ]
[ 11 16 17 19 18 ]
[ 21 22 24 23 20 ]

Step #42:
[ 6  2  3  4  5  ]
[ 7  0  13 10 9  ]
[ 12 1  8  14 15 ]
[ 11 16 17 19 18 ]
[ 21 22 24 23 20 ]

Step #43:
[ 6  2  3  4  5  ]
[ 0  7  13 10 9  ]
[ 12 1  8  14 15 ]
[ 11 16 17 19 18 ]
[ 21 22 24 23 20 ]

Step #44:
[ 0  2  3  4  5  ]
[ 6  7  13 10 9  ]
[ 12 1  8  14 15 ]
[ 11 16 17 19 18 ]
[ 21 22 24 23 20 ]

Step #45:
[ 2  0  3  4  5  ]
[ 6  7  13 10 9  ]
[ 12 1  8  14 15 ]
[ 11 16 17 19 18 ]
[ 21 22 24 23 20 ]

Step #46:
[ 2  7  3  4  5  ]
[ 6  0  13 10 9  ]
[ 12 1  8  14 15 ]
[ 11 16 17 19 18 ]
[ 21 22 24 23 20 ]

Step #47:
[ 2  7  3  4  5  ]
[ 6  1  13 10 9  ]
[ 12 0  8  14 15 ]
[ 11 16 17 19 18 ]
[ 21 22 24 23 20 ]

Step #48:
[ 2  7  3  4  5  ]
[ 6  1  13 10 9  ]
[ 0  12 8  14 15 ]
[ 11 16 17 19 18 ]
[ 21 22 24 23 20 ]

Step #49:
[ 2  7  3  4  5  ]
[ 0  1  13 10 9  ]
[ 6  12 8  14 15 ]
[ 11 16 17 19 18 ]
[ 21 22 24 23 20 ]

Step #50:
[ 2  7  3  4  5  ]
[ 1  0  13 10 9  ]
[ 6  12 8  14 15 ]
[ 11 16 17 19 18 ]
[ 21 22 24 23 20 ]

Step #51:
[ 2  0  3  4  5  ]
[ 1  7  13 10 9  ]
[ 6  12 8  14 15 ]
[ 11 16 17 19 18 ]
[ 21 22 24 23 20 ]

Step #52:
[ 0  2  3  4  5  ]
[ 1  7  13 10 9  ]
[ 6  12 8  14 15 ]
[ 11 16 17 19 18 ]
[ 21 22 24 23 20 ]

Step #53:
[ 1  2  3  4  5  ]
[ 0  7  13 10 9  ]
[ 6  12 8  14 15 ]
[ 11 16 17 19 18 ]
[ 21 22 24 23 20 ]

Step #54:
[ 1  2  3  4  5  ]
[ 6  7  13 10 9  ]
[ 0  12 8  14 15 ]
[ 11 16 17 19 18 ]
[ 21 22 24 23 20 ]

Step #55:
[ 1  2  3  4  5  ]
[ 6  7  13 10 9  ]
[ 11 12 8  14 15 ]
[ 0  16 17 19 18 ]
[ 21 22 24 23 20 ]

Step #56:
[ 1  2  3  4  5  ]
[ 6  7  13 10 9  ]
[ 11 12 8  14 15 ]
[ 16 0  17 19 18 ]
[ 21 22 24 23 20 ]

Step #57:
[ 1  2  3  4  5  ]
[ 6  7  13 10 9  ]
[ 11 12 8  14 15 ]
[ 16 17 0  19 18 ]
[ 21 22 24 23 20 ]

Step #58:
[ 1  2  3  4  5  ]
[ 6  7  13 10 9  ]
[ 11 12 8  14 15 ]
[ 16 17 19 0  18 ]
[ 21 22 24 23 20 ]

Step #59:
[ 1  2  3  4  5  ]
[ 6  7  13 10 9  ]
[ 11 12 8  14 15 ]
[ 16 17 19 18 0  ]
[ 21 22 24 23 20 ]

Step #60:
[ 1  2  3  4  5  ]
[ 6  7  13 10 9  ]
[ 11 12 8  14 0  ]
[ 16 17 19 18 15 ]
[ 21 22 24 23 20 ]

Step #61:
[ 1  2  3  4  5  ]
[ 6  7  13 10 0  ]
[ 11 12 8  14 9  ]
[ 16 17 19 18 15 ]
[ 21 22 24 23 20 ]

Step #62:
[ 1  2  3  4  5  ]
[ 6  7  13 0  10 ]
[ 11 12 8  14 9  ]
[ 16 17 19 18 15 ]
[ 21 22 24 23 20 ]

Step #63:
[ 1  2  3  4  5  ]
[ 6  7  13 14 10 ]
[ 11 12 8  0  9  ]
[ 16 17 19 18 15 ]
[ 21 22 24 23 20 ]

Step #64:
[ 1  2  3  4  5  ]
[ 6  7  13 14 10 ]
[ 11 12 0  8  9  ]
[ 16 17 19 18 15 ]
[ 21 22 24 23 20 ]

Step #65:
[ 1  2  3  4  5  ]
[ 6  7  0  14 10 ]
[ 11 12 13 8  9  ]
[ 16 17 19 18 15 ]
[ 21 22 24 23 20 ]

Step #66:
[ 1  2  3  4  5  ]
[ 6  7  14 0  10 ]
[ 11 12 13 8  9  ]
[ 16 17 19 18 15 ]
[ 21 22 24 23 20 ]

Step #67:
[ 1  2  3  4  5  ]
[ 6  7  14 8  10 ]
[ 11 12 13 0  9  ]
[ 16 17 19 18 15 ]
[ 21 22 24 23 20 ]

Step #68:
[ 1  2  3  4  5  ]
[ 6  7  14 8  10 ]
[ 11 12 13 9  0  ]
[ 16 17 19 18 15 ]
[ 21 22 24 23 20 ]

Step #69:
[ 1  2  3  4  5  ]
[ 6  7  14 8  10 ]
[ 11 12 13 9  15 ]
[ 16 17 19 18 0  ]
[ 21 22 24 23 20 ]

Step #70:
[ 1  2  3  4  5  ]
[ 6  7  14 8  10 ]
[ 11 12 13 9  15 ]
[ 16 17 19 0  18 ]
[ 21 22 24 23 20 ]

Step #71:
[ 1  2  3  4  5  ]
[ 6  7  14 8  10 ]
[ 11 12 13 9  15 ]
[ 16 17 0  19 18 ]
[ 21 22 24 23 20 ]

Step #72:
[ 1  2  3  4  5  ]
[ 6  7  14 8  10 ]
[ 11 12 0  9  15 ]
[ 16 17 13 19 18 ]
[ 21 22 24 23 20 ]

Step #73:
[ 1  2  3  4  5  ]
[ 6  7  0  8  10 ]
[ 11 12 14 9  15 ]
[ 16 17 13 19 18 ]
[ 21 22 24 23 20 ]

Step #74:
[ 1  2  3  4  5  ]
[ 6  7  8  0  10 ]
[ 11 12 14 9  15 ]
[ 16 17 13 19 18 ]
[ 21 22 24 23 20 ]

Step #75:
[ 1  2  3  4  5  ]
[ 6  7  8  9  10 ]
[ 11 12 14 0  15 ]
[ 16 17 13 19 18 ]
[ 21 22 24 23 20 ]

Step #76:
[ 1  2  3  4  5  ]
[ 6  7  8  9  10 ]
[ 11 12 0  14 15 ]
[ 16 17 13 19 18 ]
[ 21 22 24 23 20 ]

Step #77:
[ 1  2  3  4  5  ]
[ 6  7  8  9  10 ]
[ 11 12 13 14 15 ]
[ 16 17 0  19 18 ]
[ 21 22 24 23 20 ]

Step #78:
[ 1  2  3  4  5  ]
[ 6  7  8  9  10 ]
[ 11 12 13 14 15 ]
[ 16 17 19 0  18 ]
[ 21 22 24 23 20 ]

Step #79:
[ 1  2  3  4  5  ]
[ 6  7  8  9  10 ]
[ 11 12 13 14 15 ]
[ 16 17 19 23 18 ]
[ 21 22 24 0  20 ]

Step #80:
[ 1  2  3  4  5  ]
[ 6  7  8  9  10 ]
[ 11 12 13 14 15 ]
[ 16 17 19 23 18 ]
[ 21 22 0  24 20 ]

Step #81:
[ 1  2  3  4  5  ]
[ 6  7  8  9  10 ]
[ 11 12 13 14 15 ]
[ 16 17 0  23 18 ]
[ 21 22 19 24 20 ]

Step #82:
[ 1  2  3  4  5  ]
[ 6  7  8  9  10 ]
[ 11 12 13 14 15 ]
[ 16 17 23 0  18 ]
[ 21 22 19 24 20 ]

Step #83:
[ 1  2  3  4  5  ]
[ 6  7  8  9  10 ]
[ 11 12 13 14 15 ]
[ 16 17 23 18 0  ]
[ 21 22 19 24 20 ]

Step #84:
[ 1  2  3  4  5  ]
[ 6  7  8  9  10 ]
[ 11 12 13 14 15 ]
[ 16 17 23 18 20 ]
[ 21 22 19 24 0  ]

Step #85:
[ 1  2  3  4  5  ]
[ 6  7  8  9  10 ]
[ 11 12 13 14 15 ]
[ 16 17 23 18 20 ]
[ 21 22 19 0  24 ]

Step #86:
[ 1  2  3  4  5  ]
[ 6  7  8  9  10 ]
[ 11 12 13 14 15 ]
[ 16 17 23 18 20 ]
[ 21 22 0  19 24 ]

Step #87:
[ 1  2  3  4  5  ]
[ 6  7  8  9  10 ]
[ 11 12 13 14 15 ]
[ 16 17 0  18 20 ]
[ 21 22 23 19 24 ]

Step #88:
[ 1  2  3  4  5  ]
[ 6  7  8  9  10 ]
[ 11 12 13 14 15 ]
[ 16 17 18 0  20 ]
[ 21 22 23 19 24 ]

Step #89:
[ 1  2  3  4  5  ]
[ 6  7  8  9  10 ]
[ 11 12 13 14 15 ]
[ 16 17 18 19 20 ]
[ 21 22 23 0  24 ]

Step #90:
[ 1  2  3  4  5  ]
[ 6  7  8  9  10 ]
[ 11 12 13 14 15 ]
[ 16 17 18 19 20 ]
[ 21 22 23 24 0  ]

