Initial board:
[ 0  3  4  5  9  ]
[ 2  6  14 8  10 ]
[ 1  7  17 15 18 ]
[ 13 12 22 11 19 ]
[ 21 24 23 16 20 ]

Solution (total nodes 436056):
Step #1:
[ 2  3  4  5  9  ]
[ 0  6  14 8  10 ]
[ 1  7  17 15 18 ]
[ 13 12 22 11 19 ]
[ 21 24 23 16 20 ]

Step #2:
[ 2  3  4  5  9  ]
[ 6  0  14 8  10 ]
[ 1  7  17 15 18 ]
[ 13 12 22 11 19 ]
[ 21 24 23 16 20 ]

Step #3:
[ 2  3  4  5  9  ]
[ 6  7  14 8  10 ]
[ 1  0  17 15 18 ]
[ 13 12 22 11 19 ]
[ 21 24 23 16 20 ]

Step #4:
[ 2  3  4  5  9  ]
[ 6  7  14 8  10 ]
[ 1  12 17 15 18 ]
[ 13 0  22 11 19 ]
[ 21 24 23 16 20 ]

Step #5:
[ 2  3  4  5  9  ]
[ 6  7  14 8  10 ]
[ 1  12 17 15 18 ]
[ 13 22 0  11 19 ]
[ 21 24 23 16 20 ]

Step #6:
[ 2  3  4  5  9  ]
[ 6  7  14 8  10 ]
[ 1  12 17 15 18 ]
[ 13 22 11 0  19 ]
[ 21 24 23 16 20 ]

Step #7:
[ 2  3  4  5  9  ]
[ 6  7  14 8  10 ]
[ 1  12 17 15 18 ]
[ 13 22 11 19 0  ]
[ 21 24 23 16 20 ]

Step #8:
[ 2  3  4  5  9  ]
[ 6  7  14 8  10 ]
[ 1  12 17 15 0  ]
[ 13 22 11 19 18 ]
[ 21 24 23 16 20 ]

Step #9:
[ 2  3  4  5  9  ]
[ 6  7  14 8  10 ]
[ 1  12 17 0  15 ]
[ 13 22 11 19 18 ]
[ 21 24 23 16 20 ]

Step #10:
[ 2  3  4  5  9  ]
[ 6  7  14 8  10 ]
[ 1  12 17 19 15 ]
[ 13 22 11 0  18 ]
[ 21 24 23 16 20 ]

Step #11:
[ 2  3  4  5  9  ]
[ 6  7  14 8  10 ]
[ 1  12 17 19 15 ]
[ 13 22 11 16 18 ]
[ 21 24 23 0  20 ]

Step #12:
[ 2  3  4  5  9  ]
[ 6  7  14 8  10 ]
[ 1  12 17 19 15 ]
[ 13 22 11 16 18 ]
[ 21 24 0  23 20 ]

Step #13:
[ 2  3  4  5  9  ]
[ 6  7  14 8  10 ]
[ 1  12 17 19 15 ]
[ 13 22 11 16 18 ]
[ 21 0  24 23 20 ]

Step #14:
[ 2  3  4  5  9  ]
[ 6  7  14 8  10 ]
[ 1  12 17 19 15 ]
[ 13 0  11 16 18 ]
[ 21 22 24 23 20 ]

Step #15:
[ 2  3  4  5  9  ]
[ 6  7  14 8  10 ]
[ 1  12 17 19 15 ]
[ 13 11 0  16 18 ]
[ 21 22 24 23 20 ]

Step #16:
[ 2  3  4  5  9  ]
[ 6  7  14 8  10 ]
[ 1  12 0  19 15 ]
[ 13 11 17 16 18 ]
[ 21 22 24 23 20 ]

Step #17:
[ 2  3  4  5  9  ]
[ 6  7  0  8  10 ]
[ 1  12 14 19 15 ]
[ 13 11 17 16 18 ]
[ 21 22 24 23 20 ]

Step #18:
[ 2  3  4  5  9  ]
[ 6  0  7  8  10 ]
[ 1  12 14 19 15 ]
[ 13 11 17 16 18 ]
[ 21 22 24 23 20 ]

Step #19:
[ 2  3  4  5  9  ]
[ 0  6  7  8  10 ]
[ 1  12 14 19 15 ]
[ 13 11 17 16 18 ]
[ 21 22 24 23 20 ]

Step #20:
[ 2  3  4  5  9  ]
[ 1  6  7  8  10 ]
[ 0  12 14 19 15 ]
[ 13 11 17 16 18 ]
[ 21 22 24 23 20 ]

Step #21:
[ 2  3  4  5  9  ]
[ 1  6  7  8  10 ]
[ 13 12 14 19 15 ]
[ 0  11 17 16 18 ]
[ 21 22 24 23 20 ]

Step #22:
[ 2  3  4  5  9  ]
[ 1  6  7  8  10 ]
[ 13 12 14 19 15 ]
[ 11 0  17 16 18 ]
[ 21 22 24 23 20 ]

Step #23:
[ 2  3  4  5  9  ]
[ 1  6  7  8  10 ]
[ 13 12 14 19 15 ]
[ 11 17 0  16 18 ]
[ 21 22 24 23 20 ]

Step #24:
[ 2  3  4  5  9  ]
[ 1  6  7  8  10 ]
[ 13 12 14 19 15 ]
[ 11 17 16 0  18 ]
[ 21 22 24 23 20 ]

Step #25:
[ 2  3  4  5  9  ]
[ 1  6  7  8  10 ]
[ 13 12 14 19 15 ]
[ 11 17 16 18 0  ]
[ 21 22 24 23 20 ]

Step #26:
[ 2  3  4  5  9  ]
[ 1  6  7  8  10 ]
[ 13 12 14 19 0  ]
[ 11 17 16 18 15 ]
[ 21 22 24 23 20 ]

Step #27:
[ 2  3  4  5  9  ]
[ 1  6  7  8  0  ]
[ 13 12 14 19 10 ]
[ 11 17 16 18 15 ]
[ 21 22 24 23 20 ]

Step #28:
[ 2  3  4  5  0  ]
[ 1  6  7  8  9  ]
[ 13 12 14 19 10 ]
[ 11 17 16 18 15 ]
[ 21 22 24 23 20 ]

Step #29:
[ 2  3  4  0  5  ]
[ 1  6  7  8  9  ]
[ 13 12 14 19 10 ]
[ 11 17 16 18 15 ]
[ 21 22 24 23 20 ]

Step #30:
[ 2  3  0  4  5  ]
[ 1  6  7  8  9  ]
[ 13 12 14 19 10 ]
[ 11 17 16 18 15 ]
[ 21 22 24 23 20 ]

Step #31:
[ 2  0  3  4  5  ]
[ 1  6  7  8  9  ]
[ 13 12 14 19 10 ]
[ 11 17 16 18 15 ]
[ 21 22 24 23 20 ]

Step #32:
[ 0  2  3  4  5  ]
[ 1  6  7  8  9  ]
[ 13 12 14 19 10 ]
[ 11 17 16 18 15 ]
[ 21 22 24 23 20 ]

Step #33:
[ 1  2  3  4  5  ]
[ 0  6  7  8  9  ]
[ 13 12 14 19 10 ]
[ 11 17 16 18 15 ]
[ 21 22 24 23 20 ]

Step #34:
[ 1  2  3  4  5  ]
[ 6  0  7  8  9  ]
[ 13 12 14 19 10 ]
[ 11 17 16 18 15 ]
[ 21 22 24 23 20 ]

Step #35:
[ 1  2  3  4  5  ]
[ 6  12 7  8  9  ]
[ 13 0  14 19 10 ]
[ 11 17 16 18 15 ]
[ 21 22 24 23 20 ]

Step #36:
[ 1  2  3  4  5  ]
[ 6  12 7  8  9  ]
[ 13 17 14 19 10 ]
[ 11 0  16 18 15 ]
[ 21 22 24 23 20 ]

Step #37:
[ 1  2  3  4  5  ]
[ 6  12 7  8  9  ]
[ 13 17 14 19 10 ]
[ 11 16 0  18 15 ]
[ 21 22 24 23 20 ]

Step #38:
[ 1  2  3  4  5  ]
[ 6  12 7  8  9  ]
[ 13 17 14 19 10 ]
[ 11 16 18 0  15 ]
[ 21 22 24 23 20 ]

Step #39:
[ 1  2  3  4  5  ]
[ 6  12 7  8  9  ]
[ 13 17 14 19 10 ]
[ 11 16 18 23 15 ]
[ 21 22 24 0  20 ]

Step #40:
[ 1  2  3  4  5  ]
[ 6  12 7  8  9  ]
[ 13 17 14 19 10 ]
[ 11 16 18 23 15 ]
[ 21 22 0  24 20 ]

Step #41:
[ 1  2  3  4  5  ]
[ 6  12 7  8  9  ]
[ 13 17 14 19 10 ]
[ 11 16 0  23 15 ]
[ 21 22 18 24 20 ]

Step #42:
[ 1  2  3  4  5  ]
[ 6  12 7  8  9  ]
[ 13 17 14 19 10 ]
[ 11 16 23 0  15 ]
[ 21 22 18 24 20 ]

Step #43:
[ 1  2  3  4  5  ]
[ 6  12 7  8  9  ]
[ 13 17 14 0  10 ]
[ 11 16 23 19 15 ]
[ 21 22 18 24 20 ]

Step #44:
[ 1  2  3  4  5  ]
[ 6  12 7  8  9  ]
[ 13 17 0  14 10 ]
[ 11 16 23 19 15 ]
[ 21 22 18 24 20 ]

Step #45:
[ 1  2  3  4  5  ]
[ 6  12 7  8  9  ]
[ 13 0  17 14 10 ]
[ 11 16 23 19 15 ]
[ 21 22 18 24 20 ]

Step #46:
[ 1  2  3  4  5  ]
[ 6  12 7  8  9  ]
[ 0  13 17 14 10 ]
[ 11 16 23 19 15 ]
[ 21 22 18 24 20 ]

Step #47:
[ 1  2  3  4  5  ]
[ 6  12 7  8  9  ]
[ 11 13 17 14 10 ]
[ 0  16 23 19 15 ]
[ 21 22 18 24 20 ]

Step #48:
[ 1  2  3  4  5  ]
[ 6  12 7  8  9  ]
[ 11 13 17 14 10 ]
[ 16 0  23 19 15 ]
[ 21 22 18 24 20 ]

Step #49:
[ 1  2  3  4  5  ]
[ 6  12 7  8  9  ]
[ 11 13 17 14 10 ]
[ 16 23 0  19 15 ]
[ 21 22 18 24 20 ]

Step #50:
[ 1  2  3  4  5  ]
[ 6  12 7  8  9  ]
[ 11 13 0  14 10 ]
[ 16 23 17 19 15 ]
[ 21 22 18 24 20 ]

Step #51:
[ 1  2  3  4  5  ]
[ 6  12 7  8  9  ]
[ 11 0  13 14 10 ]
[ 16 23 17 19 15 ]
[ 21 22 18 24 20 ]

Step #52:
[ 1  2  3  4  5  ]
[ 6  0  7  8  9  ]
[ 11 12 13 14 10 ]
[ 16 23 17 19 15 ]
[ 21 22 18 24 20 ]

Step #53:
[ 1  2  3  4  5  ]
[ 6  7  0  8  9  ]
[ 11 12 13 14 10 ]
[ 16 23 17 19 15 ]
[ 21 22 18 24 20 ]

Step #54:
[ 1  2  3  4  5  ]
[ 6  7  8  0  9  ]
[ 11 12 13 14 10 ]
[ 16 23 17 19 15 ]
[ 21 22 18 24 20 ]

Step #55:
[ 1  2  3  4  5  ]
[ 6  7  8  9  0  ]
[ 11 12 13 14 10 ]
[ 16 23 17 19 15 ]
[ 21 22 18 24 20 ]

Step #56:
[ 1  2  3  4  5  ]
[ 6  7  8  9  10 ]
[ 11 12 13 14 0  ]
[ 16 23 17 19 15 ]
[ 21 22 18 24 20 ]

Step #57:
[ 1  2  3  4  5  ]
[ 6  7  8  9  10 ]
[ 11 12 13 14 15 ]
[ 16 23 17 19 0  ]
[ 21 22 18 24 20 ]

Step #58:
[ 1  2  3  4  5  ]
[ 6  7  8  9  10 ]
[ 11 12 13 14 15 ]
[ 16 23 17 0  19 ]
[ 21 22 18 24 20 ]

Step #59:
[ 1  2  3  4  5  ]
[ 6  7  8  9  10 ]
[ 11 12 13 14 15 ]
[ 16 23 0  17 19 ]
[ 21 22 18 24 20 ]

Step #60:
[ 1  2  3  4  5  ]
[ 6  7  8  9  10 ]
[ 11 12 13 14 15 ]
[ 16 0  23 17 19 ]
[ 21 22 18 24 20 ]

Step #61:
[ 1  2  3  4  5  ]
[ 6  7  8  9  10 ]
[ 11 12 13 14 15 ]
[ 16 22 23 17 19 ]
[ 21 0  18 24 20 ]

Step #62:
[ 1  2  3  4  5  ]
[ 6  7  8  9  10 ]
[ 11 12 13 14 15 ]
[ 16 22 23 17 19 ]
[ 21 18 0  24 20 ]

Step #63:
[ 1  2  3  4  5  ]
[ 6  7  8  9  10 ]
[ 11 12 13 14 15 ]
[ 16 22 0  17 19 ]
[ 21 18 23 24 20 ]

Step #64:
[ 1  2  3  4  5  ]
[ 6  7  8  9  10 ]
[ 11 12 13 14 15 ]
[ 16 22 17 0  19 ]
[ 21 18 23 24 20 ]

Step #65:
[ 1  2  3  4  5  ]
[ 6  7  8  9  10 ]
[ 11 12 13 14 15 ]
[ 16 22 17 19 0  ]
[ 21 18 23 24 20 ]

Step #66:
[ 1  2  3  4  5  ]
[ 6  7  8  9  10 ]
[ 11 12 13 14 15 ]
[ 16 22 17 19 20 ]
[ 21 18 23 24 0  ]

Step #67:
[ 1  2  3  4  5  ]
[ 6  7  8  9  10 ]
[ 11 12 13 14 15 ]
[ 16 22 17 19 20 ]
[ 21 18 23 0  24 ]

Step #68:
[ 1  2  3  4  5  ]
[ 6  7  8  9  10 ]
[ 11 12 13 14 15 ]
[ 16 22 17 19 20 ]
[ 21 18 0  23 24 ]

Step #69:
[ 1  2  3  4  5  ]
[ 6  7  8  9  10 ]
[ 11 12 13 14 15 ]
[ 16 22 17 19 20 ]
[ 21 0  18 23 24 ]

Step #70:
[ 1  2  3  4  5  ]
[ 6  7  8  9  10 ]
[ 11 12 13 14 15 ]
[ 16 0  17 19 20 ]
[ 21 22 18 23 24 ]

Step #71:
[ 1  2  3  4  5  ]
[ 6  7  8  9  10 ]
[ 11 12 13 14 15 ]
[ 16 17 0  19 20 ]
[ 21 22 18 23 24 ]

Step #72:
[ 1  2  3  4  5  ]
[ 6  7  8  9  10 ]
[ 11 12 13 14 15 ]
[ 16 17 18 19 20 ]
[ 21 22 0  23 24 ]

Step #73:
[ 1  2  3  4  5  ]
[ 6  7  8  9  10 ]
[ 11 12 13 14 15 ]
[ 16 17 18 19 20 ]
[ 21 22 23 0  24 ]

Step #74:
[ 1  2  3  4  5  ]
[ 6  7  8  9  10 ]
[ 11 12 13 14 15 ]
[ 16 17 18 19 20 ]
[ 21 22 23 24 0  ]

