Initial board:
[ 0  3  4  5  9  ]
[ 2  6  14 8  10 ]
[ 1  7  17 15 18 ]
[ 13 12 22 11 19 ]
[ 21 24 23 16 20 ]

Solution (total nodes 211165):
Step #1:
[ 2  3  4  5  9  ]
[ 0  6  14 8  10 ]
[ 1  7  17 15 18 ]
[ 13 12 22 11 19 ]
[ 21 24 23 16 20 ]

Step #2:
[ 2  3  4  5  9  ]
[ 1  6  14 8  10 ]
[ 0  7  17 15 18 ]
[ 13 12 22 11 19 ]
[ 21 24 23 16 20 ]

Step #3:
[ 2  3  4  5  9  ]
[ 1  6  14 8  10 ]
[ 13 7  17 15 18 ]
[ 0  12 22 11 19 ]
[ 21 24 23 16 20 ]

Step #4:
[ 2  3  4  5  9  ]
[ 1  6  14 8  10 ]
[ 13 7  17 15 18 ]
[ 12 0  22 11 19 ]
[ 21 24 23 16 20 ]

Step #5:
[ 2  3  4  5  9  ]
[ 1  6  14 8  10 ]
[ 13 7  17 15 18 ]
[ 12 22 0  11 19 ]
[ 21 24 23 16 20 ]

Step #6:
[ 2  3  4  5  9  ]
[ 1  6  14 8  10 ]
[ 13 7  17 15 18 ]
[ 12 22 11 0  19 ]
[ 21 24 23 16 20 ]

Step #7:
[ 2  3  4  5  9  ]
[ 1  6  14 8  10 ]
[ 13 7  17 15 18 ]
[ 12 22 11 16 19 ]
[ 21 24 23 0  20 ]

Step #8:
[ 2  3  4  5  9  ]
[ 1  6  14 8  10 ]
[ 13 7  17 15 18 ]
[ 12 22 11 16 19 ]
[ 21 24 0  23 20 ]

Step #9:
[ 2  3  4  5  9  ]
[ 1  6  14 8  10 ]
[ 13 7  17 15 18 ]
[ 12 22 11 16 19 ]
[ 21 0  24 23 20 ]

Step #10:
[ 2  3  4  5  9  ]
[ 1  6  14 8  10 ]
[ 13 7  17 15 18 ]
[ 12 0  11 16 19 ]
[ 21 22 24 23 20 ]

Step #11:
[ 2  3  4  5  9  ]
[ 1  6  14 8  10 ]
[ 13 7  17 15 18 ]
[ 12 11 0  16 19 ]
[ 21 22 24 23 20 ]

Step #12:
[ 2  3  4  5  9  ]
[ 1  6  14 8  10 ]
[ 13 7  17 15 18 ]
[ 12 11 16 0  19 ]
[ 21 22 24 23 20 ]

Step #13:
[ 2  3  4  5  9  ]
[ 1  6  14 8  10 ]
[ 13 7  17 15 18 ]
[ 12 11 16 19 0  ]
[ 21 22 24 23 20 ]

Step #14:
[ 2  3  4  5  9  ]
[ 1  6  14 8  10 ]
[ 13 7  17 15 0  ]
[ 12 11 16 19 18 ]
[ 21 22 24 23 20 ]

Step #15:
[ 2  3  4  5  9  ]
[ 1  6  14 8  0  ]
[ 13 7  17 15 10 ]
[ 12 11 16 19 18 ]
[ 21 22 24 23 20 ]

Step #16:
[ 2  3  4  5  0  ]
[ 1  6  14 8  9  ]
[ 13 7  17 15 10 ]
[ 12 11 16 19 18 ]
[ 21 22 24 23 20 ]

Step #17:
[ 2  3  4  0  5  ]
[ 1  6  14 8  9  ]
[ 13 7  17 15 10 ]
[ 12 11 16 19 18 ]
[ 21 22 24 23 20 ]

Step #18:
[ 2  3  0  4  5  ]
[ 1  6  14 8  9  ]
[ 13 7  17 15 10 ]
[ 12 11 16 19 18 ]
[ 21 22 24 23 20 ]

Step #19:
[ 2  0  3  4  5  ]
[ 1  6  14 8  9  ]
[ 13 7  17 15 10 ]
[ 12 11 16 19 18 ]
[ 21 22 24 23 20 ]

Step #20:
[ 0  2  3  4  5  ]
[ 1  6  14 8  9  ]
[ 13 7  17 15 10 ]
[ 12 11 16 19 18 ]
[ 21 22 24 23 20 ]

Step #21:
[ 1  2  3  4  5  ]
[ 0  6  14 8  9  ]
[ 13 7  17 15 10 ]
[ 12 11 16 19 18 ]
[ 21 22 24 23 20 ]

Step #22:
[ 1  2  3  4  5  ]
[ 6  0  14 8  9  ]
[ 13 7  17 15 10 ]
[ 12 11 16 19 18 ]
[ 21 22 24 23 20 ]

Step #23:
[ 1  2  3  4  5  ]
[ 6  7  14 8  9  ]
[ 13 0  17 15 10 ]
[ 12 11 16 19 18 ]
[ 21 22 24 23 20 ]

Step #24:
[ 1  2  3  4  5  ]
[ 6  7  14 8  9  ]
[ 0  13 17 15 10 ]
[ 12 11 16 19 18 ]
[ 21 22 24 23 20 ]

Step #25:
[ 1  2  3  4  5  ]
[ 6  7  14 8  9  ]
[ 12 13 17 15 10 ]
[ 0  11 16 19 18 ]
[ 21 22 24 23 20 ]

Step #26:
[ 1  2  3  4  5  ]
[ 6  7  14 8  9  ]
[ 12 13 17 15 10 ]
[ 11 0  16 19 18 ]
[ 21 22 24 23 20 ]

Step #27:
[ 1  2  3  4  5  ]
[ 6  7  14 8  9  ]
[ 12 13 17 15 10 ]
[ 11 16 0  19 18 ]
[ 21 22 24 23 20 ]

Step #28:
[ 1  2  3  4  5  ]
[ 6  7  14 8  9  ]
[ 12 13 0  15 10 ]
[ 11 16 17 19 18 ]
[ 21 22 24 23 20 ]

Step #29:
[ 1  2  3  4  5  ]
[ 6  7  14 8  9  ]
[ 12 0  13 15 10 ]
[ 11 16 17 19 18 ]
[ 21 22 24 23 20 ]

Step #30:
[ 1  2  3  4  5  ]
[ 6  7  14 8  9  ]
[ 0  12 13 15 10 ]
[ 11 16 17 19 18 ]
[ 21 22 24 23 20 ]

Step #31:
[ 1  2  3  4  5  ]
[ 6  7  14 8  9  ]
[ 11 12 13 15 10 ]
[ 0  16 17 19 18 ]
[ 21 22 24 23 20 ]

Step #32:
[ 1  2  3  4  5  ]
[ 6  7  14 8  9  ]
[ 11 12 13 15 10 ]
[ 16 0  17 19 18 ]
[ 21 22 24 23 20 ]

Step #33:
[ 1  2  3  4  5  ]
[ 6  7  14 8  9  ]
[ 11 12 13 15 10 ]
[ 16 17 0  19 18 ]
[ 21 22 24 23 20 ]

Step #34:
[ 1  2  3  4  5  ]
[ 6  7  14 8  9  ]
[ 11 12 13 15 10 ]
[ 16 17 19 0  18 ]
[ 21 22 24 23 20 ]

Step #35:
[ 1  2  3  4  5  ]
[ 6  7  14 8  9  ]
[ 11 12 13 15 10 ]
[ 16 17 19 23 18 ]
[ 21 22 24 0  20 ]

Step #36:
[ 1  2  3  4  5  ]
[ 6  7  14 8  9  ]
[ 11 12 13 15 10 ]
[ 16 17 19 23 18 ]
[ 21 22 0  24 20 ]

Step #37:
[ 1  2  3  4  5  ]
[ 6  7  14 8  9  ]
[ 11 12 13 15 10 ]
[ 16 17 0  23 18 ]
[ 21 22 19 24 20 ]

Step #38:
[ 1  2  3  4  5  ]
[ 6  7  14 8  9  ]
[ 11 12 13 15 10 ]
[ 16 17 23 0  18 ]
[ 21 22 19 24 20 ]

Step #39:
[ 1  2  3  4  5  ]
[ 6  7  14 8  9  ]
[ 11 12 13 15 10 ]
[ 16 17 23 18 0  ]
[ 21 22 19 24 20 ]

Step #40:
[ 1  2  3  4  5  ]
[ 6  7  14 8  9  ]
[ 11 12 13 15 10 ]
[ 16 17 23 18 20 ]
[ 21 22 19 24 0  ]

Step #41:
[ 1  2  3  4  5  ]
[ 6  7  14 8  9  ]
[ 11 12 13 15 10 ]
[ 16 17 23 18 20 ]
[ 21 22 19 0  24 ]

Step #42:
[ 1  2  3  4  5  ]
[ 6  7  14 8  9  ]
[ 11 12 13 15 10 ]
[ 16 17 23 18 20 ]
[ 21 22 0  19 24 ]

Step #43:
[ 1  2  3  4  5  ]
[ 6  7  14 8  9  ]
[ 11 12 13 15 10 ]
[ 16 17 0  18 20 ]
[ 21 22 23 19 24 ]

Step #44:
[ 1  2  3  4  5  ]
[ 6  7  14 8  9  ]
[ 11 12 0  15 10 ]
[ 16 17 13 18 20 ]
[ 21 22 23 19 24 ]

Step #45:
[ 1  2  3  4  5  ]
[ 6  7  0  8  9  ]
[ 11 12 14 15 10 ]
[ 16 17 13 18 20 ]
[ 21 22 23 19 24 ]

Step #46:
[ 1  2  3  4  5  ]
[ 6  7  8  0  9  ]
[ 11 12 14 15 10 ]
[ 16 17 13 18 20 ]
[ 21 22 23 19 24 ]

Step #47:
[ 1  2  3  4  5  ]
[ 6  7  8  9  0  ]
[ 11 12 14 15 10 ]
[ 16 17 13 18 20 ]
[ 21 22 23 19 24 ]

Step #48:
[ 1  2  3  4  5  ]
[ 6  7  8  9  10 ]
[ 11 12 14 15 0  ]
[ 16 17 13 18 20 ]
[ 21 22 23 19 24 ]

Step #49:
[ 1  2  3  4  5  ]
[ 6  7  8  9  10 ]
[ 11 12 14 0  15 ]
[ 16 17 13 18 20 ]
[ 21 22 23 19 24 ]

Step #50:
[ 1  2  3  4  5  ]
[ 6  7  8  9  10 ]
[ 11 12 0  14 15 ]
[ 16 17 13 18 20 ]
[ 21 22 23 19 24 ]

Step #51:
[ 1  2  3  4  5  ]
[ 6  7  8  9  10 ]
[ 11 12 13 14 15 ]
[ 16 17 0  18 20 ]
[ 21 22 23 19 24 ]

Step #52:
[ 1  2  3  4  5  ]
[ 6  7  8  9  10 ]
[ 11 12 13 14 15 ]
[ 16 17 18 0  20 ]
[ 21 22 23 19 24 ]

Step #53:
[ 1  2  3  4  5  ]
[ 6  7  8  9  10 ]
[ 11 12 13 14 15 ]
[ 16 17 18 19 20 ]
[ 21 22 23 0  24 ]

Step #54:
[ 1  2  3  4  5  ]
[ 6  7  8  9  10 ]
[ 11 12 13 14 15 ]
[ 16 17 18 19 20 ]
[ 21 22 23 24 0  ]

